10.9858980178833
8.383481979370117
10.75756287574768
10.7149977684021
10.828836679458618
22.265820503234863
16.86944580078125
16.920377254486084
22.370073318481445
22.41085934638977
35.91912484169006
36.00161600112915
27.576953172683716
36.337459325790405
27.8842134475708
56.903234243392944
44.251458406448364
56.60748338699341
44.04181361198425
56.461852073669434
60.93884491920471
60.82178974151611
62.204702377319336
77.06878137588501
76.75490117073059
79.34282970428467
101.13081741333008
79.58073043823242
100.16480994224548
79.64479160308838
101.16585779190063
125.43108248710632
99.72745251655579
127.8927640914917
126.04013395309448
122.86858654022217
123.90100169181824
152.22928071022034
152.3027458190918
152.90668439865112
177.679612159729
145.8566198348999
177.70590734481812
145.31925344467163
