1.5762038230895996
1.563460350036621
1.5646111965179443
1.5622484683990479
1.5713310241699219
3.2579221725463867
3.2515969276428223
3.278770923614502
3.2657933235168457
3.263146162033081
5.21875786781311
5.2182536125183105
5.21773362159729
5.217154026031494
5.215299129486084
8.341006517410278
8.350549221038818
8.320043325424194
8.316924333572388
8.27183985710144
12.631494998931885
12.646628856658936
12.6294584274292
12.615087747573853
12.630667686462402
16.464839220046997
16.390384674072266
16.410284757614136
16.398001194000244
16.391210079193115
20.562934637069702
20.342489004135132
20.07564353942871
20.20494818687439
20.055457592010498
24.40811061859131
24.130079984664917
24.392322301864624
24.080291271209717
24.054804801940918
27.63836169242859
27.613556385040283
27.667699575424194
27.712589025497437
27.627528190612793
34.947365045547485
34.82175374031067
34.91641640663147
34.915027141571045
34.94458508491516
42.11878538131714
42.23547077178955
43.86173224449158
42.4950795173645
41.55843210220337
49.727660179138184
48.73635196685791
48.73980712890625
48.71835374832153
48.741353034973145
55.756816148757935
55.56410598754883
55.619349002838135
55.77639889717102
55.91441512107849
70.10362720489502
70.19950652122498
70.42287302017212
70.5135223865509
70.54251885414124
84.44394373893738
84.11723017692566
84.35407066345215
83.91248822212219
84.01718950271606
97.96164298057556
97.90431070327759
98.28276824951172
98.34963750839233
98.6385395526886
113.31687426567078
112.96770238876343
112.90225195884705
112.6653196811676
116.30285310745239
