2.035609245300293
2.055121898651123
2.180330753326416
2.191882848739624
2.2101006507873535
4.534713506698608
4.751009941101074
4.685870409011841
4.716787815093994
4.816994667053223
9.114346504211426
9.384146451950073
9.214060306549072
7.542182445526123
9.184887886047363
14.688599348068237
14.747193813323975
15.20639181137085
13.106179237365723
15.150023698806763
20.914135932922363
20.34507918357849
20.014798402786255
20.259596347808838
20.076496839523315
25.284835815429688
24.577629327774048
22.07734990119934
21.903847694396973
22.216196060180664
28.330554485321045
28.06470251083374
28.75847315788269
28.21007251739502
27.991036653518677
32.87381052970886
33.00614404678345
32.53740906715393
33.45829463005066
32.79298996925354
37.79256772994995
38.681798458099365
37.57267689704895
38.14563035964966
34.40871524810791
45.99474000930786
48.09474062919617
47.466858863830566
47.89869284629822
38.74304223060608
46.22655963897705
