0000000000000000000000000000000000000000000000000000000000000000000000000000000000000000000000000000
0000000000000000000000000000000000000000000000000000000000000000000000000000000000000000000000000000
0000000000000000000000000000000000000000000000000000000000000000000000000000000000000000000000000000
0000000000000000000000000000000000000000000000000000000000000000000000000000000000000000000000000000
0000000000000000000000000000000000000000000000000000000000000000000000000000000000000000000000000000
0000000000000000000000000000000000000000000000000000000000000000000000000000000000000000000000000000
0000000000000000000000000000000000000000000000000000000000000000000000000000000000000000000000000000
0000000000000000000000000000000000000000000000000000000000000000000000000000000000000000000000000000
0000000000000000000000000000000000000000000000000000000000000000000000000000000000000000000000000000
0000000000000000000000000000000000000000000000000000000000000000000000000000000000000000000000000000
0000000000000000000000000000000000000000000000000000000000000000000000000000000000000000000000000000
0000000000000000000000000000000000000000000000000000000000000000000000000000000000000000000000000000
0000000000000000000000000000000000000000000000000000000000000000000000000000000000000000000000000000
0000000000000000000000000000000000000000000000000000000000000000000000000000000000000000000000000000
0000000000000000000000000000000000000000000000000000000000000000000000000000000000000000000000000000
0000000000000000000000000000000000000000000000000000000000000000000000000000000000000000000000000000
0000000000000000000000000000000000000000000000000000000000000000000000000000000000000000000000000000
0000000000000000000000000000011111111111111111111111111111111111111100000000000000000000000000000000
0000000000000000000000000000011111111111111111111111111111111111111100000000000000000000000000000000
0000000000000000000000000000011111111111111111111111111111111111111100000000000000000000000000000000
0000000000000000000000000000011111111111111111111111111111111111111100000000000000000000000000000000
0000000000000000000000000000011111111111111111111111111111111111111100000000000000000000000000000000
0000000000000000000000000000011111111111111111111111111111111111111100000000000000000000000000000000
0000000000000000000000000000011111111111111111111111111111111111111100000000000000000000000000000000
0000000000000000000000000000011111111111111111111111111111111111111100000000000000000000000000000000
0000000000000000000000000000011111111111111111111111111111111111111100000000000000000000000000000000
0000000000000000000000000000011111111111111111111111111111111111111100000000000000000000000000000000
0000000000000000000000000000011111111111111111111111111111111111111100000000000000000000000000000000
0000000000000000000000000000011111111111111111111111111111111111111100000000000000000000000000000000
0000000000000000000000000000011111111111111111111111111111111111111100000000000000000000000000000000
0000000000000000000000000000011111111111111111111111111111111111111100000000000000000000000000000000
0000000000000000000000000000011111111111111111111111111111111111111100000000000000000000000000000000
0000000000000000000000000000011111111111111111111111111111111111111100000000000000000000000000000000
0000000000000000000000000000011111111111111111111111111111111111111100000000000000000000000000000000
0000000000000000000000000000011111111111111111111111111111111111111100000000000000000000000000000000
0000000000000000000000000000011111111111111111111111111111111111111100000000000000000000000000000000
0000000000000000000000000000011111111111111111110111111111111111111100000000000000000000000000000000
0000000000000000000000000000011111111111111111111111111111111111111100000000000000000000000000000000
0000000000000000000000000000011111111111111111111111111111111111111100000000000000000000000000000000
0000000000000000000000000000011111111111111111111111111111111111111100000000000000000000000000000000
0000000000000000000000000000011111111111111111111111111111111111111100000000000000000000000000000000
0000000000000000000000000000011111111111111111111111111111111111111100000000000000000000000000000000
0000000000000000000000000000011111111111111111111111111111111111111100000000000000000000000000000000
0000000000000000000000000000011111111111111111111111111111111111111100000000000000000000000000000000
0000000000000000000000000000011111111111111111111111111111111111111100000000000000000000000000000000
0000000000000000000000000000011111111111111111111111111111111111111100000000000000000000000000000000
0000000000000000000000000000011111111111111111111111111111111111111100000000000000000000000000000000
0000000000000000000000000000011111111111111111111111111111111111111100000000000000000000000000000000
0000000000000000000000000000011111111111111111111111111111111111111100000000000000000000000000000000
0000000000000000000000000000011111111111111111111111111111111111111100000000000000000000000000000000
0000000000000000000000000000011111111111111111111111111111111111111100000000000000000000000000000000
0000000000000000000000000000011111111111111111111111111111111111111100000000000000000000000000000000
0000000000000000000000000000011111111111111111111111111111111111111100000000000000000000000000000000
0000000000000000000000000000011111111111111111111111111111111111111100000000000000000000000000000000
0000000000000000000000000000011111111111111111111111111111111111111100000000000000000000000000000000
0000000000000000000000000000000000000000000000000000000000000000000000000000000000000000000000000000
0000000000000000000000000000000000000000000000000000000000000000000000000000000000000000000000000000
0000000000000000000000000000000000000000000000000000000000000000000000000000000000000000000000000000
0000000000000000000000000000000000000000000000000000000000000000000000000000000000000000000000000000
0000000000000000000000000000000000000000000000000000000000000000000000000000000000000000000000000000
0000000000000000000000000000000000000000000000000000000000000000000000000000000000000000000000000000
0000000000000000000000000000000000000000000000000000000000000000000000000000000000000000000000000000
0000000000000000000000000000000000000000000000000000000000000000000000000000000000000000000000000000
0000000000000000000000000000000000000000000000000000000000000000000000000000000000000000000000000000
0000000000000000000000000000000000000000000000000000000000000000000000000000000000000000000000000000
0000000000000000000000000000000000000000000000000000000000000000000000000000000000000000000000000000
0000000000000000000000000000000000000000000000000000000000000000000000000000000000000000000000000000
0000000000000000000000000000000000000000000000000000000000000000000000000000000000000000000000000000
0000000000000000000000000000000000000000000000000000000000000000000000000000000000000000000000000000
0000000000000000000000000000000000000000000000000000000000000000000000000000000000000000000000000000
0000000000000000000000000000000000000000000000000000000000000000000000000000000000000000000000000000
0000000000000000000000000000000000000000000000000000000000000000000000000000000000000000000000000000
0000000000000000000000000000000000000000000000000000000000000000000000000000000000000000000000000000
0000000000000000000000000000000000000000000000000000000000000000000000000000000000000000000000000000
0000000000000000000000000000000000000000000000000000000000000000000000000000000000000000000000000000