0.6842572689056396
0.7157094478607178
0.6219251155853271
0.65069580078125
0.6432662010192871
1.159184217453003
1.2241437435150146
1.129007339477539
1.2444570064544678
1.1319539546966553
1.928072214126587
1.9294888973236084
1.8573188781738281
1.867511510848999
1.8938617706298828
2.8069467544555664
2.8979761600494385
2.8019490242004395
2.7754175662994385
2.8899314403533936
4.077731370925903
3.904231071472168
4.062232971191406
4.174741983413696
4.696099281311035
4.853844165802002
4.794970989227295
4.869860649108887
4.823698997497559
4.778472185134888
5.843072414398193
5.752599477767944
5.860759496688843
5.77773118019104
5.764401197433472
6.990996837615967
6.977184295654297
7.1081743240356445
7.005762100219727
7.154879808425903
7.7719409465789795
7.826216459274292
7.948078870773315
7.603585481643677
7.898946762084961
9.580093622207642
9.57689881324768
9.744242668151855
9.717838764190674
9.755218267440796
11.656805992126465
11.617708206176758
11.636638402938843
11.691437005996704
11.760771751403809
14.156401872634888
14.05090880393982
14.087338209152222
14.354554176330566
14.01725721359253
15.902777194976807
16.277139902114868
16.0114266872406
16.25713300704956
15.93541955947876
20.354588270187378
20.16541028022766
20.48181438446045
20.36327075958252
20.30651307106018
25.451730012893677
24.61470365524292
24.39395308494568
24.616515159606934
24.283430337905884
28.854267120361328
28.896313190460205
28.80675220489502
28.42673397064209
28.62201452255249
32.25571370124817
32.87631106376648
32.79967260360718
33.0351996421814
33.171618938446045
