56.40560984611511
56.375450134277344
56.5070013999939
56.604416608810425
56.530200242996216
34.92881512641907
35.52186560630798
34.96007513999939
34.915034770965576
34.8809540271759
26.446075677871704
26.464425563812256
27.323715448379517
26.59089708328247
26.66172957420349
22.766287565231323
22.7370548248291
22.781278610229492
22.827322959899902
22.928954362869263
20.661640405654907
20.39535689353943
20.36506986618042
20.585723638534546
20.594934940338135
18.9550199508667
19.19597291946411
19.388930082321167
19.046188592910767
19.18257427215576
17.943864822387695
18.00710105895996
18.193206071853638
17.87838888168335
18.062546014785767
16.829193592071533
17.2053062915802
17.075948476791382
17.031789779663086
17.048643589019775
16.483256816864014
16.478570222854614
16.406532049179077
16.467175722122192
16.592616081237793
16.05731511116028
16.3371479511261
15.972983360290527
15.903144121170044
16.089200019836426
15.363418102264404
15.726410388946533
15.548192739486694
15.581854343414307
15.442413091659546
15.158905506134033
15.069705963134766
15.061214208602905
15.262471914291382
14.997822046279907
14.91683030128479
15.02284860610962
14.754892110824585
14.911589622497559
14.994686841964722
14.462594270706177
14.542805433273315
14.518726825714111
14.695515871047974
14.569620132446289
14.401110172271729
15.118465185165405
14.443718910217285
14.526363849639893
14.49165391921997
14.432035207748413
14.152592658996582
14.283795595169067
14.421365022659302
14.41977858543396
14.922932863235474
14.203594446182251
14.123665809631348
14.502785205841064
14.411675930023193
14.115546941757202
14.178173065185547
14.349411964416504
14.201940774917603
14.294979572296143
14.207334756851196
14.082422971725464
14.131175756454468
14.285268545150757
14.301766872406006
14.368803977966309
14.31383752822876
13.970346927642822
14.32492971420288
14.262111902236938
14.141858577728271
14.136808156967163
14.77263069152832
14.269514322280884
14.411502361297607
14.321289300918579
14.189382314682007
14.108642816543579
14.04838228225708
14.150896787643433
14.408264875411987
14.10485291481018
14.334110736846924
14.152743101119995
13.989466905593872
14.343805313110352
14.17003583908081
14.002121210098267
14.135084867477417
14.544269561767578
14.229082584381104
14.280299425125122
14.098860025405884
14.339519262313843
14.138195991516113
14.121468544006348
14.18773102760315
14.100297927856445
14.275574207305908
14.293977975845337
14.757960557937622
14.313682556152344
14.294656038284302
14.11184287071228
14.141374111175537
14.553496360778809
14.441946506500244
14.258466005325317
14.491386413574219
14.407994270324707
