2.1856095790863037
2.178392171859741
2.217736005783081
2.1873624324798584
2.1742889881134033
3.007974863052368
2.9460861682891846
2.9338936805725098
2.8916425704956055
3.003227949142456
3.8674285411834717
3.801004648208618
3.8262884616851807
3.8302571773529053
3.8322951793670654
4.846280574798584
4.801191568374634
4.847445726394653
4.833175420761108
4.754458665847778
5.93282413482666
5.8911144733428955
5.864227771759033
5.9382219314575195
5.853889226913452
6.909482717514038
7.038277864456177
6.988525152206421
6.84453010559082
6.81206202507019
8.730785369873047
8.806137561798096
8.829492568969727
8.146178483963013
7.958458662033081
9.808709621429443
