54.501256227493286
54.320359230041504
54.29881763458252
54.463950395584106
54.252198219299316
32.854854583740234
32.99803352355957
32.80909872055054
32.97002649307251
32.919339179992676
24.64258098602295
24.525038242340088
24.59187650680542
24.624080896377563
24.41601848602295
21.872342586517334
21.731561422348022
22.226744174957275
22.236857891082764
21.929786443710327
20.07608199119568
20.01757574081421
19.89021372795105
19.786508083343506
19.779385328292847
18.461448431015015
18.601067304611206
18.71010732650757
18.457660675048828
18.607044458389282
17.535131216049194
17.85694694519043
17.90942358970642
17.782827138900757
17.649304389953613
16.81548023223877
17.218294620513916
16.84303617477417
16.726019144058228
17.142940044403076
16.338955402374268
16.257396459579468
16.35157823562622
16.584314107894897
16.262619018554688
15.728183031082153
15.875986814498901
15.861172914505005
15.95649790763855
16.00650119781494
15.981844663619995
15.746366262435913
15.743505239486694
15.806529521942139
15.843199253082275
15.33804202079773
15.198507308959961
15.262705564498901
15.459794521331787
15.455645322799683
15.16537594795227
15.26832389831543
14.97192645072937
15.281920671463013
15.173986434936523
14.940661907196045
14.859458684921265
15.206221103668213
14.927416801452637
15.046121835708618
14.78133225440979
14.86650562286377
14.887043237686157
14.752938985824585
14.693224906921387
14.634317398071289
14.659054517745972
14.875111818313599
15.029650926589966
14.861944913864136
14.47442889213562
14.915154218673706
14.832591533660889
14.784721612930298
15.080462455749512
14.68544864654541
14.634746313095093
14.552925825119019
15.044605493545532
14.829267501831055
14.728156328201294
14.503986358642578
14.587949991226196
14.652059078216553
15.170952081680298
14.7699134349823
14.735710382461548
15.083306550979614
14.54428219795227
14.691166877746582
14.661385536193848
14.671525239944458
14.918803691864014
14.786206007003784
14.71458888053894
14.840493202209473
15.19132924079895
14.5158212184906
15.131927728652954
14.146676301956177
14.92993450164795
15.428966522216797
14.639365196228027
14.763042211532593
14.799499988555908
14.785504817962646
14.956891298294067
15.17890977859497
15.176843404769897
14.894484519958496
15.28073501586914
15.0962553024292
15.5303955078125
14.627333164215088
14.705786228179932
14.703593730926514
14.827159404754639
14.685441732406616
14.802744388580322
14.719439506530762
14.79046082496643
15.113637208938599
15.291602849960327
14.796669960021973
14.876882553100586
14.820734977722168
14.930128574371338
15.414245367050171
15.788731575012207
15.190530061721802