56.676053285598755
56.590728998184204
56.47411012649536
56.6161105632782
56.54911684989929
35.445701122283936
35.38504385948181
35.50508379936218
35.40727949142456
35.48465371131897
28.2397198677063
28.362939596176147
28.02234959602356
28.296385765075684
28.04391884803772
23.774088859558105
23.706369638442993
23.640920162200928
23.936233043670654
23.849164724349976
21.378564596176147
21.45503544807434
21.852633237838745
21.638160943984985
21.333927631378174
19.617517709732056
19.758208990097046
19.971025228500366
19.320462703704834
19.619899034500122
18.472084045410156
18.718982219696045
18.341679334640503
18.20611262321472
18.404728889465332
17.422664642333984
17.40835404396057
17.52228593826294
17.58551788330078
17.572041273117065
16.85090398788452
17.051767587661743
16.936363697052002
17.07001233100891
17.037567377090454
16.7534396648407
16.354769706726074
16.235254764556885
16.472424507141113
16.215164184570312
16.14583706855774
16.276748180389404
16.06769061088562
16.198741674423218
16.39705514907837
15.909714460372925
16.22512197494507
16.49688458442688
15.765101909637451
15.97413945198059
15.909249305725098
16.010752201080322
15.68464183807373
15.761291027069092
15.737212657928467
15.75451374053955
15.989708185195923
15.714691400527954
15.636554479598999
15.855671405792236
15.503684043884277
15.670331954956055
15.677521228790283
15.970560073852539
15.761822938919067
15.550424814224243
15.747299909591675
15.735755681991577
15.982901334762573
15.640381574630737
15.67420744895935
15.578849077224731
15.685842037200928
15.619810342788696
15.955499410629272
15.785578727722168
15.925137281417847
15.92392635345459
15.983473777770996
15.682868003845215
15.810307502746582
15.629075050354004
15.78507399559021
15.824073076248169
15.685431241989136
15.81566333770752
15.747577905654907
16.420150756835938
15.602238655090332
15.630804300308228
15.650710582733154
15.998838186264038
15.70125126838684
15.787544012069702
16.12467861175537
15.811710834503174
15.92340636253357
16.55903434753418
15.901068687438965
16.08459973335266
16.05905294418335
16.504458904266357
17.20600461959839
15.812659502029419
16.817620754241943
16.27613401412964
16.273403644561768
15.868566036224365
15.946136474609375
15.9472975730896
16.028983116149902
15.705106735229492
16.282753467559814
16.47780156135559
15.832093954086304
16.97132110595703
16.55705213546753
15.591384887695312
15.906890869140625
15.919272422790527
15.957791566848755
15.79235553741455
15.939470291137695
16.426308631896973
15.91570234298706
16.046074867248535
16.008848667144775
15.703370571136475
16.053760290145874
16.844658136367798
