0.45450448989868164
0.458909273147583
0.4480564594268799
0.4446895122528076
0.48916006088256836
0.47936177253723145
0.5160205364227295
0.5207042694091797
0.49400925636291504
0.5158977508544922
0.48177242279052734
0.4967072010040283
0.49420690536499023
0.5159642696380615
0.5092418193817139
0.5076339244842529
0.5272877216339111
0.5102262496948242
0.4883708953857422
0.5119433403015137
0.5007672309875488
0.48985815048217773
0.5211455821990967
0.4979209899902344
0.4424622058868408
0.44929981231689453
0.4586489200592041
0.458803653717041
0.44594836235046387
0.4639170169830322
0.45786619186401367
0.4538609981536865
0.46802544593811035
0.4606173038482666
0.4478037357330322
0.46564483642578125
0.4454808235168457
0.4602162837982178
0.4716300964355469
0.44083690643310547
0.4493885040283203
0.4548008441925049
0.45655369758605957
0.44496893882751465
0.5116195678710938
0.5004727840423584
0.5260779857635498
0.4885580539703369
0.5171003341674805
0.49662303924560547
0.4259641170501709
0.4798774719238281
0.48311734199523926
0.4779376983642578
0.46776723861694336
0.47330594062805176
0.49201154708862305
0.4669795036315918
0.48732733726501465
0.4753603935241699
0.48201441764831543
0.4763367176055908
0.4656059741973877
0.4605693817138672
0.43180084228515625
0.5069243907928467
0.5049846172332764
0.49486279487609863
0.4956214427947998
0.5028560161590576
0.6690683364868164
0.6697232723236084
0.6671104431152344
0.668907642364502
0.6712532043457031
0.7778429985046387
0.7808239459991455
0.7789239883422852
0.7788774967193604
0.7769153118133545
0.9127230644226074
0.9167113304138184
0.9156744480133057
0.9176449775695801
0.9185459613800049
1.039607286453247
1.0433828830718994
1.0407114028930664
1.044449806213379
1.0431053638458252
1.318746566772461
1.319213628768921
1.3198888301849365
1.324272632598877
1.3206760883331299
1.5741245746612549
1.5748229026794434
1.5819571018218994
1.5765039920806885
1.5734386444091797
1.8645484447479248
1.8611698150634766
1.8731138706207275
1.8607797622680664
1.8617398738861084
2.118713855743408
2.115307569503784
2.114255428314209
2.1168293952941895
2.1155316829681396
2.636028528213501
2.6340887546539307
2.6337037086486816
2.6333558559417725
2.6317529678344727
3.139228582382202
3.1367814540863037
3.1355371475219727
3.135821580886841
3.145355701446533
3.64581036567688
3.646146774291992
3.645994186401367
3.650851249694824
3.652456283569336
4.166534185409546
4.165684938430786
4.167735576629639
4.166995286941528
4.169974327087402
