74.78894209861755
72.32164525985718
72.1421685218811
72.20155429840088
72.14559268951416
39.950188636779785
39.92905354499817
40.0513813495636
39.867613554000854
39.912837266922
31.462864637374878
30.12444019317627
30.528815984725952
30.115448713302612
31.43459153175354
24.574844121932983
25.231014728546143
24.684699535369873
24.627940893173218
24.441057920455933
22.340097427368164
21.924851655960083
21.763649702072144
22.241468906402588
21.95512056350708
19.787657260894775
19.74475646018982
19.839009284973145
19.975435733795166
19.94572353363037
18.149694204330444
18.39566206932068
17.768487453460693
18.142093896865845
17.953079223632812
16.840829610824585
16.83917999267578
17.000411987304688
17.220993041992188
16.98075222969055
16.08626651763916
15.814642667770386
16.072044372558594
16.00141477584839
15.990262269973755
15.244483947753906
15.304016590118408
15.13904595375061
15.257909297943115
15.228783369064331
14.485721826553345
14.535394668579102
14.590163469314575
14.466914415359497
14.478111743927002
14.099082469940186
14.035873174667358
13.985039949417114
14.109349727630615
14.127174377441406
13.64717721939087
13.6659574508667
13.822710990905762
13.718967199325562
13.690627813339233
13.454664707183838
13.331321477890015
13.357153177261353
13.212009906768799
13.3511323928833
12.984042406082153
13.012862920761108
12.983093500137329
12.95597243309021
12.969099044799805
12.862350225448608
12.732276439666748
12.737473011016846
12.824802160263062
12.723090887069702
12.691771268844604
12.547693729400635
12.695064067840576
12.552939414978027
12.67501711845398
12.354155778884888
12.43403673171997
12.462320804595947
12.35315465927124
12.426416397094727
12.31601858139038
12.316590547561646
12.264889478683472
12.230436325073242
12.157376527786255
12.078085899353027
12.10255241394043
12.179858922958374
12.099090576171875
12.189501762390137
12.028352499008179
12.139802694320679
12.187696933746338
11.98357605934143
11.951435804367065
11.963889360427856
11.891788721084595
12.025517225265503
11.98913049697876
11.894159317016602
11.85875129699707
12.067780256271362
11.72854495048523
11.870371580123901
11.801911354064941
11.795560121536255
11.884539365768433
11.886204719543457
11.874892711639404
11.833807945251465
11.862973928451538
11.665013790130615
11.728012323379517
11.714385986328125
11.861291408538818
11.88189172744751
11.785162925720215
12.045838117599487
11.921864986419678
11.77090334892273
11.822775840759277
11.8549485206604
11.802578687667847
11.844702243804932
11.797121524810791
11.768240451812744
11.830914974212646
11.896111965179443
12.10373592376709
11.849974632263184
