0.10990309715270996
0.1260204315185547
0.1365821361541748
0.14618706703186035
0.1302165985107422
0.13472771644592285
0.14570164680480957
0.13654232025146484
0.1272585391998291
0.10775136947631836
0.14199280738830566
0.12051725387573242
0.13998746871948242
0.1469252109527588
0.14385557174682617
0.16247224807739258
0.13376069068908691
0.1230771541595459
0.14212656021118164
0.1339879035949707
0.14351940155029297
0.1389920711517334
0.14566254615783691
0.12753033638000488
0.12612557411193848
0.1269068717956543
0.14019370079040527
0.14118647575378418
0.14127874374389648
0.14006757736206055
0.1802053451538086
0.17346763610839844
0.14880704879760742
0.1787722110748291
0.1674652099609375
0.17991328239440918
0.16397428512573242
0.19186043739318848
0.1815340518951416
0.18608736991882324
0.19327092170715332
0.18946099281311035
0.2010176181793213
0.18885183334350586
0.20221805572509766
0.7624421119689941
0.5977585315704346
0.6021080017089844
0.5944504737854004
0.5945272445678711
0.8939499855041504
0.8966953754425049
0.8920872211456299
0.9179754257202148
0.8760597705841064
1.2773492336273193
1.2258822917938232
1.2529911994934082
1.2272188663482666
1.2292969226837158
1.7529535293579102
1.7369225025177002
1.7514281272888184
1.7283191680908203
1.7374248504638672
2.236757278442383
2.26999568939209
2.280665397644043
2.207139492034912
2.275803565979004
2.7282345294952393
2.7975354194641113
2.744939088821411
2.743475914001465
2.7917516231536865
3.3615989685058594
3.355379343032837
3.4768238067626953
3.4333841800689697
3.385840654373169
4.032097816467285
3.9533164501190186
4.2115843296051025
4.045360803604126
4.031381130218506
4.641496896743774
4.702199935913086
4.627227306365967
4.623206853866577
4.6058759689331055
5.751338243484497
6.141650199890137
5.822606325149536
5.928548574447632
6.1218743324279785
8.823427200317383
8.810535907745361
8.625205993652344
8.860992670059204
8.580957651138306
10.311289072036743
9.966920137405396
10.238533735275269
10.23891830444336
10.240940570831299
11.981385469436646
11.919944524765015
12.155115842819214
11.987588167190552
11.850075483322144
14.870558738708496
14.879559993743896
14.93347430229187
15.087391376495361
15.208149671554565
17.950308084487915
18.006320238113403
18.200934886932373
18.38253140449524
18.112688064575195
21.037973642349243
20.612193822860718
21.065263748168945
21.004570960998535
21.300598621368408
23.86479115486145
23.94095468521118
24.07029390335083
24.25073003768921
24.00381636619568
