0.2823617458343506
0.2164764404296875
0.23023653030395508
0.2368011474609375
0.22316884994506836
0.2816624641418457
0.28853344917297363
0.27028751373291016
0.27614855766296387
0.2859928607940674
0.2979402542114258
0.31050682067871094
0.2889857292175293
0.2910118103027344
0.2845618724822998
0.3131446838378906
0.3005537986755371
0.30466532707214355
0.30719971656799316
0.2989687919616699
0.32128453254699707
0.32294344902038574
0.3154473304748535
0.30190229415893555
0.327131986618042
0.3506903648376465
0.3436002731323242
0.35126686096191406
0.35390448570251465
0.34580278396606445
0.4182438850402832
0.4141874313354492
0.41678285598754883
0.40944623947143555
0.4310469627380371
0.46907711029052734
0.46314120292663574
0.46484375
0.4708118438720703
0.4643995761871338
0.4991011619567871
0.505211353302002
0.5108349323272705
0.5098137855529785
0.5004098415374756
0.5900516510009766
0.6092426776885986
0.5956990718841553
0.6117534637451172
0.5910110473632812
0.8936553001403809
0.919522762298584
0.8929111957550049
0.9127883911132812
0.9131729602813721
1.232574224472046
1.242901086807251
1.255519151687622
1.2994625568389893
1.2754549980163574
1.7675106525421143
1.7408835887908936
1.7584786415100098
1.7735474109649658
1.7453672885894775
2.2582855224609375
2.2118780612945557
2.2250828742980957
2.218447208404541
2.2165329456329346
2.753080368041992
2.7700350284576416
2.7703607082366943
2.7757794857025146
2.751303195953369
3.3505146503448486
3.359088897705078
3.4197065830230713
3.369762659072876
3.3832547664642334
4.034022569656372
3.9982426166534424
4.082916736602783
4.0877134799957275
4.007771015167236
4.734757900238037
4.700240135192871
4.580269813537598
4.861864328384399
4.656059980392456
5.767033338546753
5.806974649429321
5.927353382110596
5.924821376800537
5.828740835189819
8.80442500114441
8.944542407989502
8.626106262207031
8.61147141456604
8.659271955490112
10.028811693191528
10.163733959197998
10.368740797042847
10.327566385269165
10.249342441558838
12.025389671325684
12.049196720123291
12.015780210494995
11.955340385437012
11.98846435546875
15.017252445220947
14.86881160736084
15.1702241897583
14.849188566207886
14.807910919189453
18.065539836883545
18.140882968902588
18.075995683670044
18.042540550231934
18.348948001861572
21.017909049987793
21.258653163909912
21.06768536567688
21.069067001342773
21.286025524139404
24.12608242034912
24.26503849029541
23.85707974433899
24.177798748016357
23.838688135147095
