196.45234894752502
196.7414357662201
199.64159107208252
199.39929866790771
197.1670355796814
118.04642915725708
118.07979702949524
116.35385084152222
116.38628244400024
116.6376473903656
116.66703367233276
116.19716310501099
116.22726488113403
118.0697557926178
118.10246586799622
82.62289786338806
82.65060305595398
82.65195155143738
82.25599884986877
82.281498670578
82.2853615283966
82.26135516166687
82.28661704063416
82.28915643692017
81.41022515296936
81.43542289733887
81.43514966964722
82.25744247436523
82.28368592262268
82.28738641738892
62.12071490287781
62.143338441848755
62.143738985061646
62.14354133605957
62.219918966293335
62.242250204086304
62.24220371246338
62.242563009262085
62.15921449661255
62.18003749847412
62.18190002441406
62.1810507774353
62.85000443458557
62.87269639968872
62.873327016830444
62.8751757144928
63.19657349586487
63.217220067977905
63.21915674209595
63.219759464263916
49.7005729675293
49.719541788101196
49.72045135498047
49.72164750099182
49.72583055496216
49.20040249824524
49.21524262428284
49.21743154525757
49.21802735328674
49.22010588645935
52.72649359703064
52.748106241226196
52.75564122200012
52.75567102432251
52.76327204704285
49.47522950172424
49.49411678314209
49.49481797218323
49.4944486618042
49.494842529296875
49.332497119903564
49.350139141082764
49.35149693489075
49.35236978530884
49.35295844078064
40.59559965133667
40.61215853691101
40.61150240898132
40.61275053024292
40.61195659637451
40.61265826225281
40.900729179382324
40.91638445854187
40.91781783103943
40.917691707611084
40.9186577796936
40.919965505599976
40.95191287994385
40.96445870399475
40.96602511405945
40.96769094467163
40.96979737281799
40.97275447845459
40.999194860458374
41.016876459121704
41.01688861846924
41.016921520233154
41.0167772769928
41.01909112930298
42.041759967803955
42.049318075180054
42.0519073009491
42.058284759521484
42.06010556221008
42.064467430114746
34.68474292755127
34.70184636116028
34.70115852355957
34.70218801498413
34.700997829437256
34.70051717758179
34.702524185180664
34.819199562072754
34.83149981498718
34.833003520965576
34.834352016448975
34.83577561378479
34.83460998535156
34.83404326438904
35.045671701431274
35.06147241592407
35.06229209899902
35.06151723861694
35.06573557853699
35.06597876548767
35.067641496658325
35.52890396118164
35.54806566238403
35.549570083618164
35.549423694610596
35.553274154663086
35.554128646850586
35.55640006065369
35.564605474472046
35.57502603530884
35.57688069343567
35.58177351951599
35.58606672286987
35.586907386779785
35.58747982978821
30.156020402908325
30.16873860359192
30.170653820037842
30.171043157577515
30.1707603931427
30.17187523841858
30.171321868896484
30.171126127243042
30.116467714309692
30.130383253097534
30.130569219589233
30.13108205795288
30.131759643554688
30.13094186782837
30.132120847702026
30.13165855407715
30.175353288650513
30.188348531723022
30.189831733703613
30.18996262550354
30.190196990966797
30.190076112747192
30.190255165100098
30.19080352783203
30.101470947265625
30.114258766174316
30.117184162139893
30.117449045181274
30.117692708969116
30.116822719573975
30.117199659347534
30.11777687072754
30.111918687820435
30.125990867614746
30.12565565109253
30.12667202949524
30.126256465911865
30.12714695930481
30.126248598098755
30.127550840377808
26.542831659317017
26.55173635482788
26.55303692817688
26.553536415100098
26.554060459136963
26.553226470947266
26.554484605789185
26.554752826690674
26.555041313171387
31.543813943862915
31.553696632385254
31.555416345596313
31.570476055145264
31.57815933227539
31.582391262054443
31.594557762145996
31.594435930252075
31.604947328567505
26.66851282119751
26.6720187664032
26.676408290863037
26.677212238311768
26.678777933120728
26.68005633354187
26.68122124671936
26.68315815925598
26.68405556678772
26.555721759796143
26.56369709968567
26.567267656326294
26.567699193954468
26.567288875579834
26.567631721496582
26.5699565410614
26.569761514663696
26.570473194122314
26.737447500228882
26.739526510238647
26.743217945098877
26.745131254196167
26.74518895149231
26.74773335456848
26.748879194259644
26.75127935409546
26.75194501876831
24.091525077819824
24.091537952423096
24.09306049346924
24.094846725463867
24.09497380256653
24.09876847267151
24.098644495010376
24.10117769241333
24.103416442871094
24.103811502456665
23.974891424179077
23.98263716697693
23.985767364501953
23.98541522026062
23.98746943473816
23.988362550735474
23.98865580558777
23.98650050163269
23.988555669784546
23.986870765686035
23.850481033325195
23.860600233078003
23.861096143722534
23.862495183944702
23.863108158111572
23.863795280456543
23.862691164016724
23.864601850509644
23.86542010307312
23.866852283477783
23.885868072509766
23.894088745117188
23.896193742752075
23.89691400527954
23.899768829345703
23.89807415008545
23.90023374557495
23.90074110031128
23.900120496749878
23.89931631088257
23.838961839675903
23.84964656829834
23.85223412513733
23.85203194618225
23.852176189422607
23.852599382400513
23.852672815322876
23.853643655776978
23.854161262512207
23.855408668518066
21.57574963569641
21.578229665756226
21.57756543159485
21.581738710403442
21.580036401748657
21.583245277404785
21.58569025993347
21.58594274520874
21.58767604827881
21.58760643005371
21.590170860290527
21.651785373687744
21.652620315551758
21.65579843521118
21.65804409980774
21.658908367156982
21.660452365875244
21.662293195724487
21.662829875946045
21.663424730300903
21.666884183883667
21.66795563697815
21.63574981689453
21.636661529541016
21.64045548439026
21.64228367805481
21.642349004745483
21.64229965209961
21.643418788909912
21.64329504966736
21.644748210906982
21.64624309539795
21.64801788330078
21.56169366836548
21.563292980194092
21.566231727600098
21.568252086639404
21.56900453567505
21.570849657058716
21.57209539413452
21.572036266326904
21.574871301651
21.575547218322754
21.578821659088135
21.52485728263855
21.52715754508972
21.52763795852661
21.529401779174805
21.530725479125977
21.53290319442749
21.53448486328125
21.535322666168213
21.537083864212036
21.536863327026367
21.537926197052002
19.55860471725464
19.561042070388794
19.567375898361206
19.563616275787354
19.569058179855347
19.566036462783813
19.569737672805786
19.56934094429016
19.573103666305542
19.5702486038208
19.576322555541992
19.57399082183838
19.555623054504395
19.556663036346436
19.55890655517578
19.5606210231781
19.56227445602417
19.5621497631073
19.563753366470337
19.564754247665405
19.56793999671936
19.566195964813232
19.56700372695923
19.568012952804565
19.53153395652771
19.534566164016724
19.537205934524536
19.536788940429688
19.542141914367676
19.540510654449463
19.543985843658447
19.540849208831787
19.54414176940918
19.546648740768433
19.547351360321045
19.5474374294281
20.86492156982422
20.86979079246521
20.86974000930786
20.87599015235901
20.87628960609436
20.886977910995483
20.882822513580322
20.89082646369934
20.8968346118927
20.897732734680176
20.8959641456604
20.904587745666504
19.77289366722107
19.76780915260315
19.777241945266724
19.777504682540894
19.77754259109497
19.779884576797485
19.781840801239014
19.783326387405396
19.78558850288391
19.786451816558838
19.788336753845215
19.79005479812622
18.620553493499756
18.62472701072693
18.631019592285156
18.630199432373047
18.63318157196045
18.631407260894775
18.624205350875854
18.630815744400024
18.633891344070435
18.63392972946167
18.633166551589966
18.62807059288025
18.63278841972351
18.474425077438354
18.476938009262085
18.484643697738647
18.486274003982544
18.48444890975952
18.485909700393677
18.484724760055542
18.482512712478638
18.484507083892822
18.48617959022522
18.48444104194641
18.485515832901
18.485137701034546
18.277281999588013
18.28368878364563
18.292054414749146
18.292124271392822
18.289536714553833
18.290074586868286
18.28947114944458
18.290946006774902
18.29139542579651
18.289450883865356
18.29081106185913
18.290517807006836
18.28980016708374
18.39129638671875
18.40996479988098
18.40722632408142
18.401689529418945
18.40924072265625
18.41675853729248
18.41456389427185
18.403350114822388
18.41655683517456
18.416707515716553
18.416971683502197
18.4123318195343
18.41550087928772
18.323826551437378
18.3260338306427
18.33291006088257
18.333812713623047
18.33421778678894
18.334771633148193
18.333778142929077
18.333565950393677
18.33412480354309
18.33360767364502
18.33452796936035
18.33517336845398
18.333942651748657
16.722500562667847
16.727430820465088
16.72737717628479
16.72929573059082
16.729357957839966
16.732316732406616
16.732701063156128
16.732205629348755
16.734181880950928
16.73381209373474
16.734346628189087
16.73729181289673
16.737154483795166
16.739442348480225
16.88497495651245
16.884106159210205
16.889529705047607
16.888165950775146
16.89160966873169
16.88620948791504
16.894109964370728
16.89529585838318
16.89621639251709
16.896649599075317
16.899320602416992
16.89988112449646
16.899938821792603
16.90118670463562
17.070804357528687
17.075491666793823
17.07619333267212
17.076014280319214
17.078400135040283
17.078959226608276
17.082125663757324
17.081279277801514
17.083184957504272
17.083980083465576
17.084325790405273
17.081250429153442
17.087313413619995
17.087614059448242
17.164937734603882
17.168596267700195
17.17355966567993
17.173644065856934
17.174131393432617
17.173965215682983
17.173222064971924
17.17231512069702
17.174288511276245
17.175029754638672
17.1744487285614
17.17557954788208
17.174567461013794
17.172099828720093
16.72243857383728
16.72958731651306
16.729630947113037
16.734034538269043
16.732136487960815
16.734368324279785
16.734346866607666
16.73413586616516
16.733736991882324
16.735591173171997
16.737235069274902
16.739765167236328
16.738468647003174
16.73848271369934
15.615150690078735
15.622260808944702
15.704219579696655
15.62874698638916
15.631332635879517
15.632061004638672
15.630385160446167
15.63176441192627
15.630094289779663
15.630632638931274
15.629992723464966
15.630160570144653
15.632406949996948
15.630600214004517
15.631479024887085
15.676032066345215
15.678731203079224
15.76096796989441
15.68520975112915
15.688174962997437
15.689929723739624
15.692203044891357
15.686836004257202
15.690953493118286
15.691139936447144
15.686614513397217
15.685665369033813
15.688658952713013
15.68234658241272
15.691460609436035
15.973953008651733
15.97899866104126
16.056735038757324
15.987280368804932
15.986964702606201
15.98848581314087
15.983889818191528
15.989055395126343
15.989598512649536
15.988686323165894
15.989228248596191
15.988035202026367
15.987531185150146
15.988912105560303
15.987334489822388
15.978726625442505
15.9857017993927
16.06707739830017
15.992678880691528
15.995527267456055
15.99270510673523
15.995167255401611
15.99379587173462
15.99356460571289
15.994125366210938
15.993888139724731
15.99421238899231
15.994911432266235
15.993833541870117
15.995279312133789
16.01212763786316
16.01914358139038
16.094937562942505
16.022706508636475
16.026503562927246
16.02691388130188
16.027965307235718
16.027467489242554
16.02428960800171
16.02808690071106
16.025915384292603
16.024906873703003
16.02580499649048
16.026460886001587
16.029760599136353
14.881453514099121
14.939114332199097
14.893349647521973
14.941379070281982
14.898224115371704
14.899656534194946
14.902478218078613
14.901941776275635
14.898684024810791
14.90218210220337
14.902557849884033
14.899909734725952
14.898227214813232
14.899085998535156
14.90253210067749
14.903306245803833
14.8064124584198
14.815044164657593
14.861224889755249
14.866470098495483
14.823455810546875
14.823514938354492
14.823479413986206
14.826502561569214
14.823271751403809
14.82123064994812
14.825652599334717
14.8253653049469
14.824563264846802
14.826167345046997
14.824744462966919
14.825430631637573
22.648695945739746
22.653640031814575
22.704327821731567
22.668753623962402
22.688231468200684
22.727259635925293
22.708669662475586
22.70638871192932
22.72463846206665
22.733856678009033
22.743797302246094
22.75941801071167
22.762953281402588
22.779123306274414
22.78059458732605
22.79698872566223
14.548052549362183
14.557564735412598
14.607871055603027
14.563283681869507
14.612257242202759
14.564991235733032
14.566129922866821
14.566560745239258
14.566244840621948
14.568410634994507
14.564773082733154
14.567096471786499
14.566794872283936
14.568421840667725
14.568562507629395
14.566071510314941
14.872600555419922
14.925164222717285
14.880286455154419
14.931995391845703
14.887593984603882
14.889289855957031
14.887561321258545
14.891096115112305
14.88971996307373
14.883354187011719
14.889554977416992
14.889384508132935
14.889866590499878
14.889051675796509
14.890022277832031
14.889974594116211
13.911536693572998
13.91956377029419
13.944759845733643
13.948401689529419
13.922609090805054
13.950201272964478
13.92699146270752
13.928386211395264
13.926922082901001
13.928048610687256
13.926974773406982
13.928115129470825
13.927525758743286
13.926605701446533
13.928277730941772
13.928385972976685
13.927661180496216
13.891063690185547
13.928822994232178
13.90023946762085
13.932007551193237
13.932376384735107
13.908379793167114
13.908741474151611
13.90665078163147
13.909456491470337
13.911840915679932
13.90949273109436
13.90907883644104
13.910033941268921
13.912285566329956
13.912320613861084
13.91219162940979
13.9103844165802
13.999018430709839
14.033824443817139
14.007004737854004
14.038264989852905
14.040876865386963
14.011154413223267
14.014415740966797
14.015646696090698
14.012510776519775
14.015194654464722
14.01477861404419
14.015347003936768
14.015872955322266
14.014794826507568
14.013258934020996
14.016216516494751
14.014371156692505
13.804383039474487
13.835245370864868
13.809104204177856
13.838205099105835
13.84065055847168
13.817507982254028
13.820706605911255
13.819602727890015
13.820907592773438
13.822378158569336
13.823283672332764
13.82275128364563
13.821076154708862
13.82327151298523
13.81912636756897
13.82206654548645
13.823049068450928
13.954753398895264
13.99281096458435
13.961427211761475
13.995991706848145
13.999553680419922
13.969237565994263
13.972595691680908
13.970280647277832
13.969991207122803
13.970756530761719
13.970934629440308
13.969915628433228
13.97256851196289
13.973081588745117
13.970231771469116
13.970747709274292
13.97176480293274
13.178981304168701
13.174059867858887
13.174087285995483
13.18064284324646
13.180738687515259
13.18441367149353
13.17725920677185
13.184475898742676
13.185831308364868
13.183917045593262
13.188450813293457
13.186148166656494
13.185384750366211
13.18557095527649
13.208299398422241
13.21078610420227
13.21160626411438
13.21640658378601
13.081695556640625
13.08224868774414
13.103478908538818
13.10348391532898
13.086344957351685
13.10616135597229
13.090804100036621
13.092021703720093
13.089701175689697
13.104580163955688
13.093724012374878
13.093573808670044
13.091512680053711
13.093436479568481
13.094074249267578
13.093883991241455
13.092308044433594
13.092073440551758
13.02308964729309
13.028419017791748
13.029292821884155
13.030609607696533
13.03090214729309
13.0300452709198
13.029356956481934
13.030638456344604
13.029289484024048
13.031195640563965
13.025675773620605
13.030452966690063
13.03097152709961
13.028538703918457
13.044371604919434
13.04710841178894
13.050132036209106
13.050668954849243
13.179604530334473
13.184023380279541
13.180020809173584
13.185540199279785
13.180185556411743
13.18770956993103
13.18514084815979
13.183405876159668
13.186465740203857
13.188217163085938
13.1923246383667
13.190430879592896
13.193539142608643
13.193281888961792
13.203859806060791
13.210021018981934
13.212009191513062
13.214015483856201
13.019243717193604
13.020076513290405
13.020902156829834
13.022241353988647
13.024595975875854
13.020830869674683
13.025152206420898
13.031169176101685
13.026269912719727
13.026089429855347
13.027052640914917
13.026582479476929
13.028979778289795
13.03031063079834
13.044862747192383
13.050026178359985
13.052586317062378
13.054352283477783
12.422074317932129
12.394106149673462
12.4492347240448
12.425587892532349
12.451583623886108
12.401448011398315
12.453685283660889
12.436535120010376
12.443464040756226
12.436492204666138
12.43855094909668
12.439757823944092
12.438757181167603
12.432476282119751
12.435061931610107
12.436349391937256
12.435395002365112
12.435002088546753
12.435508728027344
12.254214525222778
12.255330562591553
12.27659296989441
12.27803087234497
12.258289337158203
12.27336835861206
12.27954363822937
12.265154838562012
12.26444959640503
12.28067660331726
12.264570713043213
12.26196026802063
12.263030767440796
12.263139009475708
12.26548719406128
12.265649795532227
12.263983726501465
12.267118215560913
12.261843204498291
12.305802345275879
12.313796997070312
12.333226442337036
12.329926252365112
12.33286428451538
12.337160348892212
12.337019443511963
12.316274404525757
12.320192813873291
12.322405338287354
12.321975946426392
12.32011342048645
12.32253098487854
12.323444843292236
12.322034120559692
12.318738222122192
12.322787046432495
12.324097156524658
12.322240829467773
12.334214687347412
12.335883378982544
12.358211517333984
12.358739376068115
12.360859870910645
12.36251163482666
12.34404444694519
12.362504959106445
12.347569704055786
12.34997272491455
12.347840785980225
12.34682321548462
12.348907470703125
12.348825693130493
12.349755764007568
12.343416452407837
12.346348524093628
12.347874641418457
12.347676038742065
12.33746600151062
12.34318232536316
12.362619638442993
12.363570928573608
12.362853288650513
12.363729476928711
12.364752769470215
12.348368406295776
12.351267576217651
12.349350214004517
12.351399660110474
12.3517005443573
12.352584838867188
12.350707769393921
12.35316777229309
12.353495597839355
12.353991031646729
12.352882146835327
12.35318660736084
11.838193893432617
11.846733093261719
11.859545946121216
11.860292911529541
11.86159372329712
11.863421440124512
11.86478853225708
11.847849130630493
11.866115093231201
11.8545663356781
11.850789785385132
11.859116077423096
11.85904860496521
11.856319904327393
11.861061096191406
11.860431432723999
11.856513261795044
11.853817224502563
11.855570554733276
11.858779907226562
11.746169090270996
11.7523832321167
11.77248215675354
11.77070665359497
11.774549961090088
11.758602619171143
11.777137517929077
11.778808832168579
11.776096820831299
11.764700412750244
11.764939308166504
11.764477968215942
11.762732744216919
11.76542592048645
11.765822172164917
11.765026092529297
11.76364517211914
11.764896869659424
11.764994621276855
11.766418933868408
11.669489622116089
11.693856239318848
11.690934419631958
11.676812648773193
11.69727611541748
11.695168256759644
11.695810079574585
11.696681261062622
11.680997848510742
11.684451818466187
11.682876110076904
11.68499493598938
11.684047937393188
11.683078289031982
11.684501886367798
11.682987689971924
11.683599710464478
11.68872880935669
11.68791675567627
11.689942359924316
11.785482406616211
11.808171033859253
11.807793617248535
11.796637296676636
11.810640096664429
11.813793182373047
11.81491994857788
11.800652265548706
11.8169105052948
11.80316948890686
11.80189847946167
11.802764654159546
11.801116228103638
11.80596375465393
11.806187629699707
11.806942701339722
11.802251100540161
11.806182861328125
11.806145191192627
11.806698560714722
11.700339317321777
11.705674409866333
11.732495784759521
11.730117082595825
11.734802007675171
11.73276948928833
11.712209463119507
11.73621940612793
11.730442523956299
11.714059114456177
11.715089797973633
11.714808940887451
11.7154860496521
11.714672565460205
11.715981245040894
11.717216491699219
11.716977834701538
11.718389749526978
11.71747350692749
11.71915078163147
11.14452862739563
11.15237808227539
11.163698196411133
11.16411280632019
11.15212893486023
11.165322065353394
11.166668891906738
11.16717267036438
11.15643310546875
11.169276237487793
11.156611680984497
11.15787935256958
11.17041563987732
11.16462230682373
11.159129619598389
11.159308910369873
11.159511804580688
11.168359756469727
11.162292003631592
11.167729377746582
11.162368774414062
11.097752571105957
11.1025972366333
11.116883993148804
11.116780519485474
11.118175029754639
11.119842052459717
11.107363224029541
11.12058162689209
11.122493982315063
11.110584020614624
11.110986232757568
11.122872591018677
11.11204481124878
11.113392114639282
11.112871408462524
11.111278295516968
11.111595392227173
11.113937377929688
11.114076137542725
11.112427711486816
11.111302375793457
11.10874629020691
11.112165451049805
11.126417875289917
11.126386404037476
11.127628564834595
11.129162311553955
11.13100266456604
11.117557525634766
11.131022214889526
11.12265133857727
11.118972301483154
11.118467807769775
11.121457576751709
11.119071006774902
11.119649648666382
11.122873783111572
11.120689153671265
11.111958742141724
11.121960639953613
11.12268352508545
11.123641014099121
11.165919542312622
11.168144941329956
11.184972763061523
11.18506908416748
11.185895442962646
11.173897981643677
11.186894655227661
11.188904047012329
11.18920373916626
11.17755675315857
11.190388441085815
11.178573846817017
11.17827844619751
11.180280923843384
11.1790931224823
11.178994417190552
11.179288625717163
11.17936086654663
11.179464101791382
11.178589344024658
11.179285287857056
11.0707848072052
11.066909313201904
11.09008526802063
11.088133811950684
11.091005802154541
11.091279745101929
11.092149496078491
11.090673685073853
11.075329780578613
11.091225385665894
11.079192876815796
11.076597452163696
11.080120086669922
11.075799226760864
11.080120086669922
11.080784559249878
11.076102256774902
11.080710411071777
11.080885171890259
11.08122992515564
11.080050468444824
10.84949254989624
10.846566677093506
10.8504159450531
10.845041036605835
10.851674318313599
10.850098848342896
10.849344491958618
10.85143780708313
10.849523782730103
10.853095769882202
10.85541033744812
10.85251259803772
10.855836153030396
10.858664751052856
10.86863923072815
10.872035264968872
10.859551906585693
10.872844934463501
10.875526189804077
10.877974271774292
10.877079725265503
10.88105821609497
10.686604022979736
10.688884973526001
10.681174993515015
10.6786048412323
10.676259756088257
10.691580772399902
10.688075304031372
10.681285858154297
10.688578844070435
10.692313194274902
10.6917245388031
10.684701681137085
10.686793565750122
10.697412490844727
10.697232723236084
10.689504384994507
10.70068097114563
10.701985120773315
10.702820539474487
10.704574823379517
10.705691814422607
10.707539319992065
10.679425954818726
10.67967176437378
10.678418397903442
10.681765794754028
10.677793264389038
10.679020166397095
10.683791160583496
10.684161901473999
10.681614637374878
10.68413758277893
10.681607484817505
10.684982061386108
10.687683582305908
10.695702075958252
10.697361946105957
10.690529823303223
10.698552131652832
10.699751377105713
10.701153755187988
10.702574729919434
10.703927516937256
10.704997539520264
10.706542253494263
10.708815336227417
10.709928512573242
10.709349632263184
10.708860874176025
10.707297563552856
10.70716643333435
10.7084641456604
10.708958625793457
10.709715604782104
10.711724996566772
10.712380409240723
10.7121422290802
10.723275899887085
10.72539472579956
10.726788997650146
10.717371225357056
10.7282075881958
10.729495286941528
10.731051683425903
10.732604265213013
10.734808921813965
11.003955125808716
10.990331649780273
11.010240316390991
11.01260495185852
11.004643201828003
11.014782667160034
11.016525268554688
11.016881942749023
11.017994165420532
11.011820793151855
11.013315439224243
11.019331932067871
11.005053758621216
11.02090072631836
11.031293869018555
11.028807640075684
11.031743288040161
11.033723592758179
11.034284353256226
11.035598516464233
11.035844564437866
11.03746771812439
10.169888019561768
10.170818328857422
10.18676495552063
10.189030647277832
10.18605899810791
10.189725637435913
10.191279172897339
10.188701391220093
10.192699670791626
10.176247835159302
10.190824508666992
10.187166213989258
10.181338787078857
10.182985544204712
10.185580730438232
10.180327653884888
10.178404092788696
10.18215823173523
10.180341482162476
10.179716110229492
10.18464708328247
10.18425440788269
10.184715986251831
10.072205781936646
10.080569982528687
10.085071802139282
10.08516240119934
10.086307287216187
10.087399959564209
10.087279796600342
10.088342428207397
10.088760375976562
10.089755058288574
10.08606481552124
10.090173244476318
10.086846828460693
10.083686113357544
10.087735891342163
10.08479642868042
10.085161685943604
10.085980892181396
10.089358806610107
10.088941097259521
10.08845591545105
10.088832378387451
10.0896577835083
10.147175550460815
10.155629396438599
10.16265058517456
10.162468671798706
10.16412615776062
10.165139198303223
10.166182279586792
10.167263507843018
10.162242889404297
10.167610168457031
10.169759750366211
10.16161847114563
10.168114185333252
10.1622314453125
10.169899225234985
10.166239500045776
10.164182424545288
10.162497282028198
10.162792444229126
10.167933940887451
10.160463809967041
10.167359828948975
10.16858696937561
10.038668155670166
10.034742593765259
10.04501986503601
10.0594642162323
10.059603691101074
10.058270692825317
10.057165384292603
10.058567762374878
10.0447518825531
10.058770656585693
10.062782764434814
10.046455144882202
10.05989408493042
10.046972274780273
10.048640251159668
10.050904273986816
10.047284364700317
10.0468909740448
10.055298805236816
10.055121421813965
10.050381898880005
10.045800924301147
10.045024156570435
10.04840636253357
10.049263715744019
10.062028169631958
10.061241388320923
10.066770792007446
10.067129135131836
10.056942224502563
10.063446044921875
10.065701723098755
10.065076112747192
10.058572769165039
10.064299821853638
10.05721378326416
10.067309141159058
10.06203556060791
10.05945110321045
10.060752868652344
10.059962272644043
10.060884237289429
10.062329530715942
10.05829644203186
10.061502456665039
10.057706117630005
9.758617877960205
9.75179648399353
9.75866436958313
9.753666162490845
9.754974365234375
9.753658533096313
9.761828422546387
9.761976480484009
9.754535436630249
9.755605697631836
9.756649732589722
9.756145238876343
9.757660627365112
9.76499342918396
9.767250061035156
9.770845174789429
9.762940406799316
9.771315813064575
9.775684595108032
9.77812385559082
9.776726722717285
9.77905011177063
9.779000520706177
9.781754493713379
9.754423141479492
9.756525754928589
9.759025812149048
9.75730037689209
9.759303092956543
9.756417036056519
9.759828805923462
9.760024309158325
9.75896954536438
9.761168003082275
9.757168769836426
9.762575626373291
9.76366114616394
9.768253803253174
9.771787643432617
9.771976232528687
9.768178939819336
9.774432897567749
9.77330994606018
9.774213790893555
9.777385473251343
9.778944492340088
9.780761480331421
9.778484344482422
9.741831064224243
9.76699423789978
9.766093015670776
9.765535116195679
9.769407987594604
9.770359516143799
9.745477199554443
9.7701997756958
9.766920328140259
9.769436836242676
9.74888825416565
9.767374038696289
9.769216537475586
9.779583930969238
9.77874207496643
9.781832218170166
9.773699283599854
9.780454635620117
9.78180980682373
9.783758640289307
9.784238815307617
9.784251689910889
9.786588668823242
9.783711194992065
9.758926630020142
9.756456136703491
9.760848999023438
9.758859872817993
9.759824752807617
9.761215925216675
9.760513544082642
9.756229400634766
9.757751226425171
9.758359670639038
9.758827924728394
9.75821328163147
9.761142253875732
9.764865398406982
9.77490234375
9.772452354431152
9.76444935798645
9.773473978042603
9.777302265167236
9.778703212738037
9.77740478515625
9.78111481666565
9.781060218811035
9.778835773468018
9.744578123092651
9.74756145477295
9.753923892974854
9.753924131393433
9.749931812286377
9.750863313674927
9.750632286071777
9.74834418296814
9.749856233596802
9.750120162963867
9.74966835975647
9.757341861724854
9.751251459121704
9.759939193725586
9.760955333709717
9.763882637023926
9.760377645492554
9.762647151947021
9.765079975128174
9.76677680015564
9.767507791519165
9.767293930053711
9.76871943473816
9.77123475074768
9.264068841934204
9.263055324554443
9.27540636062622
9.276276588439941
9.273941993713379
9.277287721633911
9.277624607086182
9.277286529541016
9.279387712478638
9.278913497924805
9.280235290527344
9.277296304702759
9.280802249908447
9.281569480895996
9.281145095825195
9.281152963638306
9.2744882106781
9.274991512298584
9.275521755218506
9.28002405166626
9.277979850769043
9.281465768814087
9.276483058929443
9.278347253799438
9.273594379425049
9.225712537765503
9.219663143157959
9.230562210083008
9.235540390014648
9.237123966217041
9.237507343292236
9.229025602340698
9.238738536834717
9.238481044769287
9.234322309494019
9.238251209259033
9.240222215652466
9.240038633346558
9.23334288597107
9.235935926437378
9.233105182647705
9.241577625274658
9.232672452926636
9.241389036178589
9.233004808425903
9.237517595291138
9.229791402816772
9.235619306564331
9.234460592269897
9.231795072555542
9.229532718658447
9.237136125564575
9.240517616271973
9.240671873092651
9.241675853729248
9.233867883682251
9.241639137268066
9.243460416793823
9.243228673934937
9.244348287582397
9.244136095046997
9.245761394500732
9.246258020401001
9.243958950042725
9.242640018463135
9.246017217636108
9.241519927978516
9.241039037704468
9.241907596588135
9.245439767837524
9.244723796844482
9.24597430229187
9.241423845291138
9.239952087402344
9.240661859512329
9.261703729629517
9.262725591659546
9.26668381690979
9.273637056350708
9.274908542633057
9.276473045349121
9.276866912841797
9.276076316833496
9.277056455612183
9.277637243270874
9.27041482925415
9.27817702293396
9.277028560638428
9.279268741607666
9.276937246322632
9.269790649414062
9.271916151046753
9.27045202255249
9.277913093566895
9.278841733932495
9.278091430664062
9.272167444229126
9.272016525268555
9.27776551246643
9.271906614303589
9.269278764724731
9.272660732269287
9.282029151916504
9.28156590461731
9.263154745101929
9.27596139907837
9.264168500900269
9.285427570343018
9.284087657928467
9.285098791122437
9.286680221557617
9.285943746566772
9.280018329620361
9.286761045455933
9.284988403320312
9.28227162361145
9.282251119613647
9.28107476234436
9.284865379333496
9.272625207901001
9.28432846069336
9.287317276000977
9.283063411712646
9.279398202896118
9.28292441368103
8.874974012374878
8.876460075378418
8.888143062591553
8.891184568405151
8.889038562774658
8.891965627670288
8.892760992050171
8.89319133758545
8.892856359481812
8.890292644500732
8.89081335067749
8.893441677093506
8.894142627716064
8.894615411758423
8.89250111579895
8.885045289993286
8.89302110671997
8.889642715454102
8.882549285888672
8.889160871505737
8.89143419265747
8.890589475631714
8.890910625457764
8.893313884735107
8.88247799873352
8.895122766494751
9.533722639083862
9.535479545593262
9.53828501701355
9.540356159210205
9.53816556930542
9.541409015655518
9.537678718566895
9.541954755783081
9.542701482772827
9.544609069824219
9.547977447509766
9.547125816345215
9.55197525024414
9.55196499824524
9.552268505096436
9.551407098770142
9.553045749664307
9.556121110916138
9.556808471679688
9.557185888290405
9.5580415725708
9.562445402145386
9.561253786087036
9.564646005630493
9.561929941177368
9.565364122390747
9.02269959449768
9.022749185562134
9.028130054473877
9.033910751342773
9.031437158584595
9.034034013748169
9.041704893112183
9.035966157913208
9.035961151123047
9.039051055908203
9.037659883499146
9.03580117225647
9.0394868850708
9.04431939125061
9.03392505645752
9.04538631439209
9.037039041519165
9.044777393341064
9.03683590888977
9.04685664176941
9.039802551269531
9.037590980529785
9.038659811019897
9.041860342025757
9.03827166557312
9.042973041534424
8.902891874313354
8.906729698181152
8.915377378463745
8.90933346748352
8.917973518371582
8.91838812828064
8.919994831085205
8.919447898864746
8.920809507369995
8.920760869979858
8.915111780166626
8.921820402145386
8.92224383354187
8.919827938079834
8.91929292678833
8.917684316635132
8.920871257781982
8.921026468276978
8.915640830993652
8.917461633682251
8.91538381576538
8.916188716888428
8.916440486907959
8.916287899017334
8.918196439743042
8.922241449356079
8.895292043685913
8.894375324249268
8.903194665908813
8.898276805877686
8.901648998260498
8.902271270751953
8.903666973114014
8.908103942871094
8.902101516723633
8.90045714378357
8.902745723724365
8.902155876159668
8.905784606933594
8.90580415725708
8.906137943267822
8.9096839427948
8.902894020080566
8.908116102218628
8.905246496200562
8.909662961959839
8.904878616333008
8.902255773544312
8.909484148025513
8.906874895095825
8.905137538909912
8.907724857330322
9.202440023422241
9.204056978225708
9.198163986206055
9.205557823181152
9.200767040252686
9.203963279724121
9.2038733959198
9.211562395095825
9.205790042877197
9.204919815063477
9.205006122589111
9.20949125289917
9.219817161560059
9.222198724746704
9.212754011154175
9.223942995071411
9.226374387741089
9.219176292419434
9.221908330917358
9.228707075119019
9.230909824371338
9.233276844024658
9.223508834838867
9.229177713394165
9.230068922042847
9.232443571090698
9.236097574234009
9.207449674606323
9.211703300476074
9.206983089447021
9.21135425567627
9.210297107696533
9.213987827301025
9.211474657058716
9.22070860862732
9.215485334396362
9.216619729995728
9.21726679801941
9.218482494354248
9.231064558029175
9.224020004272461
9.223066568374634
9.224985599517822
9.22841501235962
9.230493307113647
9.228564023971558
9.229982376098633
9.242953062057495
9.244354009628296
9.23374629020691
9.238169193267822
9.240415811538696
9.240863800048828
9.240416765213013
9.201258420944214
9.207123041152954
9.205746173858643
9.20668339729309
9.20487093925476
9.20609426498413
9.203919887542725
9.209633350372314
9.207182884216309
9.207928895950317
9.2121422290802
9.211250305175781
9.214373111724854
9.217924356460571
9.21433424949646
9.219252586364746
9.22158145904541
9.22426700592041
9.224244832992554
9.226434469223022
9.228090047836304
9.230242729187012
9.224726915359497
9.231958150863647
9.231405019760132
9.235864162445068
9.237046003341675
9.171088695526123
9.17538070678711
9.172149658203125
9.176017999649048
9.173044919967651
9.178043603897095
9.176651954650879
9.180376291275024
9.180778503417969
9.182329416275024
9.180885791778564
9.179329633712769
9.185657978057861
9.189335584640503
9.184916019439697
9.190385341644287
9.192445516586304
9.192440509796143
9.19316053390503
9.196245193481445
9.19860291481018
9.201104640960693
9.197702407836914
9.199028730392456
9.200626134872437
9.202946901321411
9.204343318939209
9.19424295425415
9.203934669494629
9.199279546737671
9.196206331253052
9.200348615646362
9.201964616775513
9.20133662223816
9.200642824172974
9.209766864776611
9.207182168960571
9.203700065612793
9.205227851867676
9.204365730285645
9.208036661148071
9.210121870040894
9.208982706069946
9.217682361602783
9.219822406768799
9.214942216873169
9.221731662750244
9.22267770767212
9.219889640808105
9.224143028259277
9.227591514587402
9.229123592376709
9.228924989700317
9.231719017028809
8.582595348358154
8.581016302108765
8.575642824172974
8.575630187988281
8.573459148406982
8.576971769332886
8.580853939056396
8.575484037399292
8.575706243515015
8.576263427734375
8.583312034606934
8.577523231506348
8.579893350601196
8.589727640151978
8.582212209701538
8.590633869171143
8.592386484146118
8.593172073364258
8.586495161056519
8.592190742492676
8.588521718978882
8.59590744972229
8.584497213363647
8.593069553375244
8.59954047203064
8.59233832359314
8.595075130462646
8.600040912628174
9.875652074813843
9.884297847747803
9.879154920578003
9.88790249824524
9.8847975730896
9.883060455322266
9.89398455619812
9.891654253005981
9.899133443832397
9.903568506240845
9.900071859359741
9.907451152801514
9.909636497497559
9.90919303894043
9.912527322769165
9.88798999786377
9.91687560081482
9.913622617721558
9.917908906936646
9.917391777038574
9.92352032661438
9.923758268356323
9.926462173461914
9.925278902053833
9.929911613464355
9.932698488235474
9.93401026725769
9.933374643325806
8.614779710769653
8.614601373672485
8.618596315383911
8.618976354598999
8.621342658996582
8.61652660369873
8.614911794662476
8.616285800933838
8.623118877410889
8.618863105773926
8.620099067687988
8.621551275253296
8.625509262084961
8.630276918411255
8.623562812805176
8.626299858093262
8.630916833877563
8.640532970428467
8.629184007644653
8.635921955108643
8.641703367233276
8.641509532928467
8.642035484313965
8.642057418823242
8.635390996932983
8.641325950622559
8.637702941894531
8.639379978179932
8.712307929992676
8.713576555252075
8.71358346939087
8.710370540618896
8.712125778198242
8.716209173202515
8.716516733169556
8.71383547782898
8.717892408370972
8.719534397125244
8.715900182723999
8.720265626907349
8.72834324836731
8.722292423248291
8.729990482330322
8.722241878509521
8.732611179351807
8.723382472991943
8.734550952911377
8.730497598648071
8.734760284423828
8.734363555908203
8.728325128555298
8.736060380935669
8.735509157180786
8.74281907081604
8.743143320083618
8.742363452911377
8.517574310302734
8.515546321868896
8.518887758255005
8.513515949249268
8.521249294281006
8.516584396362305
8.512655019760132
8.51559066772461
8.516384363174438
8.518159627914429
8.522879123687744
8.52405309677124
8.51095199584961
8.522219896316528
8.525398015975952
8.5233793258667
8.522464275360107
8.527828931808472
8.527267217636108
8.526466131210327
8.531432628631592
8.532415628433228
8.527786016464233
8.528522491455078
8.531952857971191
8.532705545425415
8.531946659088135
8.536792755126953
