0.05601382255554199
0.058330535888671875
0.05487966537475586
0.05077195167541504
0.057723283767700195
0.04537653923034668
0.043988704681396484
0.05397534370422363
0.1024477481842041
0.0810384750366211
0.09555840492248535
0.10632705688476562
0.10578560829162598
0.11294960975646973
0.11709713935852051
0.08678436279296875
0.12204265594482422
0.13677668571472168
0.13124299049377441
0.12170124053955078
0.12988901138305664
0.12325215339660645
0.13278818130493164
0.1269512176513672
0.04100918769836426
0.03825640678405762
0.034157514572143555
0.031201601028442383
0.039513349533081055
0.029099702835083008
0.03480696678161621
0.03690290451049805
0.06880784034729004
0.080352783203125
0.06783652305603027
0.07255148887634277
0.07319378852844238
0.06725835800170898
0.06250905990600586
0.05059361457824707
0.10531377792358398
0.10332393646240234
0.11191463470458984
0.11543536186218262
0.1034698486328125
0.10354351997375488
0.10766458511352539
0.10309147834777832
0.14449739456176758
0.1334667205810547
0.14171767234802246
0.1299912929534912
0.13595962524414062
0.13960814476013184
0.1413884162902832
0.1346733570098877
0.21653199195861816
0.21993160247802734
0.21725964546203613
0.20519328117370605
0.22014713287353516
0.21397042274475098
0.21870684623718262
0.21820759773254395
0.22244572639465332
0.23270344734191895
0.23360204696655273
0.23699116706848145
0.2338848114013672
0.2389664649963379
0.23879027366638184
0.2372593879699707
0.41584253311157227
0.4262394905090332
0.4083077907562256
0.4131026268005371
0.41120481491088867
0.41388559341430664
0.42118120193481445
0.41202616691589355
