0.5676453113555908
0.5684208869934082
0.5691452026367188
0.568772554397583
0.5694701671600342
0.5725288391113281
0.5709457397460938
0.571983814239502
0.5719795227050781
0.5707080364227295
0.568962574005127
0.5704097747802734
0.5693786144256592
0.5708386898040771
0.5742645263671875
0.5737333297729492
0.5733754634857178
0.5719170570373535
0.5740957260131836
0.5742206573486328
0.5748200416564941
0.575037956237793
0.5750658512115479
0.5763993263244629
0.5763676166534424
0.576338529586792
0.5765748023986816
0.5768899917602539
0.5658516883850098
0.5660159587860107
0.5671830177307129
0.5669550895690918
0.568979024887085
0.5732254981994629
0.5715928077697754
0.5737249851226807
0.5688333511352539
0.5688157081604004
0.5710577964782715
0.5731768608093262
0.5701987743377686
0.5708472728729248
0.570397138595581
0.5713388919830322
0.5744073390960693
0.5759305953979492
0.581043004989624
0.5741186141967773
0.5833437442779541
0.5815324783325195
0.5845425128936768
0.5739500522613525
0.5746197700500488
0.5834176540374756
0.5753490924835205
0.5827922821044922
0.5631999969482422
0.5660386085510254
0.5689661502838135
0.5684432983398438
0.5662193298339844
0.5715646743774414
0.5746526718139648
0.5736870765686035
0.5711452960968018
0.5699379444122314
0.5789878368377686
0.5750858783721924
0.5798184871673584
0.5840022563934326
0.5804195404052734
0.5749704837799072
0.5739092826843262
0.5854380130767822
0.5746505260467529
0.5726897716522217
0.5738511085510254
0.5742311477661133
0.5746009349822998
0.5713708400726318
0.5710549354553223
0.5736541748046875
0.5728042125701904
0.5747349262237549
0.5677797794342041
0.5706660747528076
0.5714731216430664
0.5677416324615479
0.5729093551635742
0.5716214179992676
0.5737910270690918
0.5632128715515137
0.5744442939758301
0.5723850727081299
0.5760324001312256
0.5689523220062256
0.5765383243560791
0.5746176242828369
0.5746889114379883
0.5766289234161377
0.5772857666015625
0.581310510635376
0.575681209564209
0.5771079063415527
0.574657678604126
0.5797686576843262
0.5764167308807373
0.5786173343658447
0.5793166160583496
0.5822207927703857
0.5715725421905518
0.5833072662353516
0.5634865760803223
0.5656812191009521
0.5635964870452881
0.5710575580596924
0.5650973320007324
0.5712864398956299
0.5664618015289307
0.5675387382507324
0.5666484832763672
0.5708203315734863
0.5693056583404541
0.5738859176635742
0.5699758529663086
0.5745532512664795
0.5704319477081299
0.5753099918365479
0.5711748600006104
0.5760071277618408
0.572380542755127
0.5713334083557129
0.5723917484283447
0.575814962387085
0.5721795558929443
0.5781450271606445
0.5729508399963379
0.5707926750183105
0.5745351314544678
0.5766067504882812
1.559626817703247
1.5562622547149658
1.5568139553070068
1.55867600440979
1.5618412494659424
1.5610179901123047
1.5614969730377197
1.5685713291168213
1.5680122375488281
1.5669856071472168
1.566138505935669
1.5745365619659424
1.570734977722168
1.576064109802246
1.5761473178863525
1.5748748779296875
1.579319953918457
1.579918384552002
1.578948974609375
1.5831067562103271
1.5815646648406982
1.5818581581115723
1.585709571838379
1.5884613990783691
1.5846102237701416
1.5907225608825684
1.585209846496582
1.5862517356872559
1.5750055313110352
1.577794075012207
1.5675227642059326
1.5723578929901123
1.5764877796173096
1.576596736907959
1.5660648345947266
1.577409029006958
1.5751309394836426
1.58371901512146
1.580946922302246
1.5778827667236328
1.5875704288482666
1.5917742252349854
1.5895984172821045
1.5869994163513184
1.5944547653198242
1.5981242656707764
1.5946235656738281
1.6005210876464844
1.5970726013183594
1.589158296585083
1.598994493484497
1.5975918769836426
1.6018898487091064
1.6060011386871338
1.6011343002319336
1.5982356071472168
1.5593132972717285
1.5574846267700195
1.5578744411468506
1.571265459060669
1.5724663734436035
1.5621955394744873
1.5639216899871826
1.5665738582611084
1.5532865524291992
1.5752687454223633
1.5713517665863037
1.581916332244873
1.574333906173706
1.5801000595092773
1.577343225479126
1.5797066688537598
1.5773742198944092
1.5825042724609375
1.5720958709716797
1.5789341926574707
1.584456205368042
1.5861592292785645
1.5895893573760986
1.579719066619873
1.5858473777770996
1.588017225265503
1.5945179462432861
1.5875823497772217
1.562978982925415
1.5608296394348145
1.5600025653839111
1.5678956508636475
1.5649373531341553
1.5656723976135254
1.5722548961639404
1.5741567611694336
1.5749354362487793
1.5755231380462646
1.5770764350891113
1.5780396461486816
1.5764563083648682
1.5798497200012207
1.5777552127838135
1.5841319561004639
1.5830979347229004
1.5849387645721436
1.582301378250122
1.5887117385864258
1.587170124053955
1.5829777717590332
1.5893797874450684
1.58713960647583
1.5862641334533691
1.5880005359649658
1.5897462368011475
1.5957388877868652
1.5646562576293945
1.566105604171753
1.5572638511657715
1.5706748962402344
1.5747008323669434
1.5734221935272217
1.5795481204986572
1.5829477310180664
1.576538324356079
1.5772395133972168
1.5781753063201904
1.5866334438323975
1.5843086242675781
1.590074062347412
1.5886423587799072
1.589085578918457
1.591672658920288
1.5914592742919922
1.5859370231628418
1.596003770828247
1.590078353881836
1.5959031581878662
1.5922167301177979
1.5925540924072266
1.594179630279541
1.6000916957855225
1.5864040851593018
1.598235845565796
1.5939760208129883
1.589536428451538
1.5960047245025635
1.5911378860473633
1.599045753479004
1.601111888885498
1.6010723114013672
1.6031084060668945
1.6036412715911865
1.605377435684204
1.5983307361602783
1.6004493236541748
1.5960681438446045
1.6008694171905518
1.604773998260498
1.6080915927886963
1.612980842590332
1.6102449893951416
1.6023719310760498
1.6150977611541748
1.6114459037780762
1.6166532039642334
1.610461711883545
1.6135010719299316
1.612194538116455
1.6153299808502197
1.6155834197998047
1.6139237880706787
1.583202838897705
1.5901474952697754
1.573134183883667
1.5920262336730957
1.5798540115356445
1.5807247161865234
1.5962646007537842
1.5964477062225342
1.5935332775115967
1.5939750671386719
1.5973358154296875
1.5928504467010498
1.599867582321167
1.597513198852539
1.6007521152496338
1.5959954261779785
1.5958075523376465
1.590684413909912
1.6002271175384521
1.599219560623169
1.6022608280181885
1.5985980033874512
1.6028945446014404
1.6071298122406006
1.6063945293426514
1.6097304821014404
1.6064796447753906
1.604243278503418
1.6203358173370361
1.620323896408081
1.6196165084838867
1.6202950477600098
1.6335625648498535
1.6221065521240234
1.6353137493133545
1.6222538948059082
1.6357762813568115
1.602163314819336
1.6301825046539307
1.638929843902588
1.6044504642486572
1.6405131816864014
1.632676601409912
1.640923261642456
1.634589433670044
1.6369011402130127
1.6363587379455566
1.6314892768859863
1.6406629085540771
1.6459064483642578
1.6265816688537598
1.6383821964263916
1.649303674697876
1.6397006511688232
1.6403942108154297
1.641357421875
1.6284544467926025
1.595426321029663
1.5958116054534912
1.6296381950378418
1.5983822345733643
1.6026649475097656
1.6295959949493408
1.6044623851776123
1.6034414768218994
1.603776454925537
1.606358528137207
1.603377342224121
1.6097702980041504
1.605877161026001
1.6092164516448975
1.6123924255371094
1.6083641052246094
1.64166259765625
1.608530044555664
1.612633466720581
1.6445837020874023
1.6426079273223877
1.6147873401641846
1.6117067337036133
1.6451606750488281
1.6190576553344727
1.618135929107666
1.6374588012695312
1.5733325481414795
1.5794999599456787
1.575162410736084
1.5722873210906982
1.5758419036865234
1.5827343463897705
1.584259033203125
1.5848486423492432
1.5760807991027832
1.5809767246246338
1.5874135494232178
1.5876920223236084
1.583113670349121
1.5894927978515625
1.585716724395752
1.5833580493927002
1.5854511260986328
1.5930454730987549
1.586787223815918
1.5941264629364014
1.5943498611450195
1.595184564590454
1.5913307666778564
1.586838960647583
1.5905992984771729
1.5937092304229736
1.5936493873596191
1.5933606624603271
2.3466923236846924
2.356466293334961
2.356947898864746
2.353485345840454
2.351137638092041
2.3589928150177
2.3574767112731934
2.3559963703155518
2.3568081855773926
2.358360528945923
2.359769344329834
2.3666067123413086
2.3622357845306396
2.3687021732330322
2.3668301105499268
2.369452953338623
2.3652243614196777
2.3699705600738525
2.374279260635376
2.3723161220550537
2.3707804679870605
2.373647689819336
2.371194362640381
2.371349811553955
2.3779637813568115
2.3766067028045654
2.375490188598633
2.375812530517578
2.3170371055603027
2.331937551498413
2.321739435195923
2.325632333755493
2.325284481048584
2.3338568210601807
2.3397440910339355
2.3292741775512695
2.3457019329071045
2.3266994953155518
2.3348333835601807
2.341243267059326
2.3380391597747803
2.337440013885498
2.348405361175537
2.334782123565674
2.3432252407073975
2.3520424365997314
2.3482446670532227
2.353994369506836
2.3475968837738037
2.3474695682525635
2.348367214202881
2.343242883682251
2.354275941848755
2.349318027496338
2.357189893722534
2.3538293838500977
2.329270601272583
2.335460662841797
2.3354384899139404
2.3375589847564697
2.333101987838745
2.3352839946746826
2.338928461074829
2.3362066745758057
2.3425452709198
2.3405518531799316
2.342061996459961
2.34114146232605
2.3500497341156006
2.3459768295288086
2.3439297676086426
2.347203254699707
2.34893536567688
2.3511013984680176
2.351062297821045
2.3532612323760986
2.3500964641571045
2.3512003421783447
2.35339093208313
2.3553905487060547
2.3537731170654297
2.3569600582122803
2.3582072257995605
2.357799530029297
2.3218352794647217
2.3293135166168213
2.340963125228882
2.3362228870391846
2.335249185562134
2.342726707458496
2.3435399532318115
2.340306043624878
2.3377931118011475
2.336928367614746
2.3425159454345703
2.350621223449707
2.338386058807373
2.349445104598999
2.3542842864990234
2.3430967330932617
2.3491787910461426
2.35784649848938
2.3482253551483154
2.3558168411254883
2.353517770767212
2.3524537086486816
2.3490378856658936
2.351923704147339
2.3570356369018555
2.3572616577148438
2.358520269393921
2.3679490089416504
2.3366270065307617
2.3350069522857666
2.334132194519043
2.3408448696136475
2.3402044773101807
2.3494627475738525
2.3416075706481934
2.3391759395599365
2.3453681468963623
2.3447024822235107
2.3394806385040283
2.345266103744507
2.3534204959869385
2.3515982627868652
2.353553295135498
2.3560073375701904
2.3503196239471436
2.3582253456115723
2.346083164215088
2.359875440597534
2.359403133392334
2.354053258895874
2.3541200160980225
2.347196340560913
2.3656277656555176
2.3596878051757812
2.358654499053955
2.3593108654022217
3.1197943687438965
3.1363086700439453
3.1371474266052246
3.137840986251831
3.13669490814209
3.141660451889038
3.138408660888672
3.1398673057556152
3.130654811859131
3.1437692642211914
3.1440765857696533
3.1445133686065674
3.150383234024048
3.1520917415618896
3.1537222862243652
3.1398489475250244
3.150548219680786
3.157942533493042
3.158352851867676
3.1606390476226807
3.1578550338745117
3.1463818550109863
3.1656672954559326
3.1613101959228516
3.165560483932495
3.164490222930908
3.164593458175659
3.168414354324341
3.0848166942596436
3.086125612258911
3.0872931480407715
3.0898962020874023
3.0993616580963135
3.097275972366333
3.1014504432678223
3.0816516876220703
3.102330446243286
3.1072304248809814
3.106501579284668
3.0997262001037598
3.101624011993408
3.111255168914795
3.108100414276123
3.0916407108306885
3.1090524196624756
3.1167590618133545
3.1063761711120605
3.120370626449585
3.1150121688842773
3.1225459575653076
3.1250927448272705
3.1053779125213623
3.1176857948303223
3.119891405105591
3.1203296184539795
3.1188290119171143
3.0929431915283203
3.0896966457366943
3.0903360843658447
3.0948400497436523
3.091679096221924
3.092303991317749
3.0980122089385986
3.1070029735565186
3.1069529056549072
3.1030614376068115
3.108398199081421
3.104998826980591
3.1041042804718018
3.103177547454834
3.1066200733184814
3.1106247901916504
3.1167898178100586
3.111671209335327
3.1204025745391846
3.116670608520508
3.117432117462158
3.1214675903320312
3.125230550765991
3.1185262203216553
3.123075485229492
3.1207339763641357
3.120241165161133
3.125206708908081
3.132580041885376
3.182666778564453
3.14399790763855
3.183800458908081
3.146312713623047
3.136432409286499
3.1712806224823
3.1421101093292236
3.1525745391845703
3.1451737880706787
3.2066025733947754
3.1387104988098145
3.152944803237915
3.1492128372192383
3.155125856399536
3.1581406593322754
3.15720796585083
3.155942678451538
3.153120756149292
3.147671699523926
3.1636130809783936
3.164342164993286
3.161367893218994
3.158107042312622
3.161262273788452
3.174375534057617
3.1716341972351074
3.1728150844573975
3.092914342880249
3.089958429336548
3.093688726425171
3.095031976699829
3.0913522243499756
3.095364570617676
3.099741220474243
3.1021811962127686
3.099531888961792
3.0974905490875244
3.0984792709350586
3.1059885025024414
3.098855495452881
3.109602212905884
3.103759765625
3.1052794456481934
3.117954969406128
3.111509323120117
3.110394239425659
3.1221554279327393
3.1168370246887207
3.1118319034576416
3.1235549449920654
3.1147372722625732
3.1154417991638184
3.1241934299468994
3.1196608543395996
3.1296498775482178
3.876007080078125
3.876471519470215
3.8794734477996826
3.8793013095855713
3.8830995559692383
3.880371332168579
3.888338804244995
3.885969400405884
3.8912458419799805
3.8909378051757812
3.8957691192626953
3.891982316970825
3.8967926502227783
3.8985960483551025
3.898921489715576
3.8989648818969727
3.9037959575653076
3.9072105884552
3.901296615600586
3.9090280532836914
3.90777587890625
3.908135175704956
3.9126927852630615
3.910151720046997
3.9106407165527344
3.912306785583496
3.9172520637512207
3.9199132919311523
3.937772512435913
3.9430153369903564
3.9406239986419678
3.945003032684326
3.9393150806427
3.952382802963257
3.9531164169311523
3.948803424835205
3.9511125087738037
3.957845449447632
3.955705165863037
3.958422899246216
3.961186170578003
3.9562766551971436
3.962311029434204
3.9672017097473145
3.9649555683135986
3.96713924407959
3.9651403427124023
3.9730427265167236
3.969576120376587
3.9726579189300537
3.9715898036956787
3.973050594329834
3.98106050491333
3.9833600521087646
3.977729320526123
3.983161449432373
3.902665376663208
3.8963987827301025
3.899561643600464
3.9050416946411133
3.906477451324463
3.9022045135498047
3.9066267013549805
3.90518856048584
3.9156339168548584
3.9087159633636475
3.914807081222534
3.916811227798462
3.914097785949707
3.9154040813446045
3.9173316955566406
3.927320718765259
3.919776201248169
3.93139910697937
3.9301905632019043
3.931668996810913
3.9335761070251465
3.931884288787842
3.9402945041656494
3.932112455368042
3.9361391067504883
3.9351327419281006
3.936671018600464
3.941981554031372
3.9905712604522705
3.992304563522339
3.9962246417999268
3.99625301361084
3.998490571975708
3.9981892108917236
3.9999356269836426
4.01450777053833
4.005546569824219
4.005845308303833
4.007545232772827
4.007833480834961
4.011179208755493
4.017392158508301
4.012199878692627
4.016999959945679
4.025863409042358
4.019548177719116
4.026693344116211
4.033741474151611
4.0279881954193115
4.025546312332153
4.0369415283203125
4.041133403778076
4.032520532608032
4.0323474407196045
4.034290552139282
4.040067195892334
3.9564735889434814
3.954287052154541
3.9529836177825928
3.960991382598877
3.9587438106536865
3.961923360824585
3.964557409286499
3.967256546020508
3.9625895023345947
3.965264320373535
3.9647185802459717
3.965561866760254
3.973012685775757
3.977893829345703
3.97625994682312
3.973332643508911
3.980642557144165
3.9767191410064697
3.985166311264038
3.9865870475769043
3.9874470233917236
3.982576370239258
3.98518705368042
3.99430775642395
3.9892399311065674
3.99701189994812
3.996091604232788
3.9949731826782227
4.730517625808716
4.7335546016693115
4.733948469161987
4.740793466567993
4.734089136123657
4.740193128585815
4.746536731719971
4.751331090927124
4.74528431892395
4.751034736633301
4.753089904785156
4.758587598800659
4.753984451293945
4.758621692657471
4.7626051902771
4.757100820541382
4.7651207447052
4.771068096160889
4.77157735824585
4.771103382110596
4.769372940063477
4.7739338874816895
4.772599458694458
4.781661033630371
4.77889347076416
4.779851198196411
4.780120372772217
4.787274599075317
4.75671648979187
4.739162445068359
4.7592480182647705
4.759181022644043
4.761740446090698
4.763859272003174
4.745395183563232
4.769173860549927
4.7664618492126465
4.771878004074097
4.775755882263184
4.755808591842651
4.778497934341431
4.781614065170288
4.766583442687988
4.782372236251831
4.765499830245972
4.799706935882568
4.787039041519165
4.7892608642578125
4.791751384735107
4.794989109039307
4.777504920959473
4.78887414932251
4.783892631530762
4.805995464324951
4.803845167160034
4.788202524185181
4.743262052536011
4.7468695640563965
4.750505447387695
4.752693176269531
4.744609355926514
4.753335952758789
4.751448392868042
4.75629997253418
4.75204610824585
4.760464429855347
4.755137205123901
4.767056226730347
4.764671802520752
4.761379241943359
4.770061016082764
4.769896030426025
4.7723517417907715
4.772042751312256
4.769038677215576
4.779750347137451
4.775348424911499
4.779009103775024
4.779804944992065
4.783072471618652
4.783381700515747
4.78741717338562
4.785732984542847
4.7934088706970215
4.790709972381592
4.797627687454224
4.784563302993774
4.796726942062378
4.794955253601074
4.805424928665161
4.8015148639678955
4.809291362762451
4.809072017669678
4.811493635177612
4.808678865432739
4.8096442222595215
4.814081192016602
4.8127899169921875
4.811345815658569
4.817677021026611
4.818813323974609
4.819568395614624
4.822535514831543
4.82253098487854
4.830148935317993
4.829781532287598
4.835852861404419
4.833705425262451
4.834513902664185
4.840087890625
4.8452723026275635
4.845941066741943
4.748546600341797
4.744039058685303
4.761819362640381
4.759600400924683
4.747692346572876
4.767401933670044
4.773338079452515
4.763697624206543
4.777085065841675
4.772864818572998
4.7732768058776855
4.773683786392212
4.776191473007202
4.780435800552368
4.780633211135864
4.7860753536224365
4.791594743728638
4.787902116775513
4.779110670089722
4.785362243652344
4.795836687088013
4.801923990249634
4.7932586669921875
4.797467231750488
4.799392938613892
4.803514242172241
4.799945831298828
4.80727744102478
3.8031930923461914
3.8027520179748535
3.8091044425964355
3.806812286376953
3.813570022583008
3.808107614517212
3.8101742267608643
3.8097472190856934
3.816603183746338
3.8084444999694824
3.8159501552581787
3.817484140396118
3.817791223526001
3.813620090484619
3.8107988834381104
3.816094160079956
3.8179550170898438
3.815185546875
3.8070931434631348
3.8127455711364746
3.809417486190796
3.8126485347747803
3.8188445568084717
3.8121674060821533
3.8189399242401123
3.8194024562835693
3.818490982055664
3.8139688968658447
5.1358184814453125
5.146663427352905
5.141073942184448
5.150797367095947
5.14553689956665
5.146768093109131
5.155407667160034
5.160599708557129
5.157884120941162
5.154595613479614
5.1638171672821045
5.166441202163696
5.157526016235352
5.164739608764648
5.161656379699707
5.1690521240234375
5.165505409240723
5.165123224258423
5.170826196670532
5.168778896331787
5.176828145980835
5.1731789112091064
5.168273448944092
5.184317588806152
5.177633047103882
5.18729829788208
5.182628393173218
5.181397914886475
4.098778963088989
4.109457015991211
4.111812591552734
4.11126446723938
4.108624696731567
4.10884165763855
4.115476608276367
4.1165430545806885
4.115833282470703
4.117696762084961
4.103692531585693
4.118154048919678
4.118634462356567
4.117902040481567
4.120945453643799
4.115427017211914
4.119525671005249
4.10787296295166
4.121450185775757
4.1164937019348145
4.122201681137085
4.116193056106567
4.11963677406311
4.123666524887085
4.123748540878296
4.1270716190338135
4.126645803451538
4.128764390945435
3.8854289054870605
3.8769829273223877
3.887798547744751
3.885340452194214
3.886492967605591
3.8850858211517334
3.883345365524292
3.8801867961883545
3.891387939453125
3.8871753215789795
3.8901402950286865
3.892240047454834
3.89194917678833
3.8846147060394287
3.8856587409973145
3.8833043575286865
3.8829681873321533
3.8900513648986816
3.892425775527954
3.8832387924194336
3.884085178375244
3.8908865451812744
3.880945920944214
3.8911044597625732
3.886211633682251
3.8879761695861816
3.8916122913360596
3.8878211975097656
4.0599448680877686
4.070293188095093
4.064812898635864
4.073343753814697
4.067665100097656
4.075383901596069
4.068886041641235
4.064004898071289
4.068539381027222
4.0660340785980225
4.075097322463989
4.066940069198608
4.077683687210083
4.072576284408569
4.077180624008179
4.071902751922607
4.075715065002441
4.0752527713775635
4.080650568008423
4.082035779953003
4.076113224029541
4.079507827758789
4.0831451416015625
4.07978630065918
4.078566074371338
4.077599763870239
4.082547426223755
4.087149620056152
4.537393569946289
4.542394638061523
4.543930768966675
4.542121171951294
4.5435731410980225
4.539244174957275
4.543895721435547
4.5400168895721436
4.54112696647644
4.545071363449097
4.541033744812012
4.541907072067261
4.541974306106567
4.54930305480957
4.549500465393066
4.54279088973999
4.544412612915039
4.550528526306152
4.5509397983551025
4.551887512207031
4.5451719760894775
4.553489685058594
4.552839040756226
4.553816795349121
4.554096221923828
4.54875636100769
4.548630475997925
4.549133777618408
4.533495187759399
4.535054445266724
4.533911466598511
4.541757822036743
4.5423595905303955
4.535118579864502
4.536858320236206
4.534246444702148
4.53788423538208
4.5367207527160645
4.532341480255127
4.541733503341675
4.538362264633179
4.54321551322937
4.539505481719971
4.537585735321045
4.5380706787109375
4.54286789894104
4.544354200363159
4.544384002685547
4.546691417694092
4.546955347061157
4.538398504257202
4.546537637710571
4.5453200340271
4.547936916351318
4.547697067260742
4.5478835105896
4.5540454387664795
4.554537534713745
4.5628509521484375
4.562893390655518
4.555780410766602
4.561490297317505
4.552000045776367
4.554617166519165
4.5574400424957275
4.552133798599243
4.552781343460083
4.5541136264801025
4.551696300506592
4.5597405433654785
4.559291362762451
4.558258295059204
4.556394577026367
4.557791233062744
4.565810918807983
4.571199893951416
4.572343349456787
4.56489896774292
4.569463014602661
4.570631980895996
4.562569856643677
4.572558403015137
4.562981367111206
4.559299468994141
4.554966449737549
4.547200679779053
4.548773527145386
4.560887098312378
4.549516439437866
4.54362154006958
4.55481219291687
4.560474872589111
4.559205770492554
4.552696943283081
4.547364234924316
4.55512809753418
4.549515008926392
4.5530173778533936
4.554733514785767
4.5554633140563965
4.5593647956848145
4.56481671333313
4.560281276702881
4.5572168827056885
4.561584711074829
4.562484264373779
4.549488067626953
4.56057333946228
4.56003475189209
4.561546564102173
4.560423374176025
4.5623273849487305
5.1621012687683105
5.164198875427246
5.1743690967559814
5.156995534896851
5.165163278579712
5.160885572433472
5.170466899871826
5.168487310409546
5.167909383773804
5.183792352676392
5.176267862319946
5.16739296913147
5.173295021057129
5.173832416534424
5.172016382217407
5.177618503570557
5.1783037185668945
5.175573348999023
5.1748151779174805
5.178055763244629
5.184759855270386
5.1882734298706055
5.185572862625122
5.179338216781616
5.192385911941528
5.18338680267334
5.189486265182495
5.195897579193115
6.172618865966797
6.172840595245361
6.152708053588867
6.176024913787842
6.160796880722046
6.177855730056763
6.183151721954346
6.178021430969238
6.18579626083374
6.181410312652588
6.191579580307007
6.181408166885376
6.183154106140137
6.1844706535339355
6.1796653270721436
6.184902667999268
6.178479433059692
6.166544198989868
6.194753885269165
6.198297739028931
6.192697763442993
6.199251651763916
6.187841892242432
6.191363096237183
6.198075771331787
6.179930210113525
6.1968090534210205
6.183229207992554
6.151978492736816
6.153921127319336
6.153013467788696
6.156928539276123
6.163527965545654
6.159449815750122
6.157589912414551
6.163801670074463
6.1601786613464355
6.166812181472778
6.160953521728516
6.162329435348511
6.1656272411346436
6.170710563659668
6.166092157363892
6.165853500366211
6.17451286315918
6.174601793289185
6.170660495758057
6.177110433578491
6.1702892780303955
6.179634094238281
6.174175500869751
6.178435564041138
6.177145481109619
6.183058738708496
6.180691480636597
6.181409597396851
6.160131931304932
6.162182331085205
6.156483888626099
6.168606281280518
6.165408134460449
6.169936895370483
6.164162635803223
6.166287422180176
6.168114900588989
6.174514055252075
6.171319484710693
6.17072057723999
6.1685404777526855
6.177135705947876
6.173949241638184
6.172316074371338
6.181906461715698
6.176397323608398
6.177688121795654
6.177223205566406
6.1857991218566895
6.183377265930176
6.181349992752075
6.184674501419067
6.184069871902466
6.188801288604736
6.19002628326416
6.195035696029663
6.171643972396851
6.17488169670105
6.164970636367798
6.155542373657227
6.176160097122192
6.176500082015991
6.174783945083618
6.178466320037842
6.181206226348877
6.168215036392212
6.181807518005371
6.176832437515259
6.181233882904053
6.184431791305542
6.187830209732056
6.173991441726685
6.1894330978393555
6.184396982192993
6.190764665603638
6.190798282623291
6.1945624351501465
6.19225549697876
6.174893379211426
6.195355415344238
6.185816287994385
6.1951744556427
6.1992833614349365
6.198399305343628
6.161620616912842
6.167550325393677
6.163967609405518
6.164791107177734
6.1641223430633545
6.175925970077515
6.165575742721558
6.153079509735107
6.17255163192749
6.154841661453247
6.172559022903442
6.181823015213013
6.171340227127075
6.180929183959961
6.182578086853027
6.185436725616455
6.184767246246338
6.18123984336853
6.185817241668701
6.188449144363403
6.1899237632751465
6.182236909866333
6.184370279312134
6.188769340515137
6.186774015426636
6.18828558921814
6.192327976226807
6.192811727523804
7.855803489685059
7.8532445430755615
7.8580098152160645
7.855595827102661
7.8659539222717285
7.86445164680481
7.86403751373291
7.869099378585815
7.862339496612549
7.8670430183410645
7.8713743686676025
7.867371082305908
7.868546724319458
7.872314453125
7.8825976848602295
7.879631042480469
7.880657196044922
7.884416103363037
7.882591962814331
7.880643367767334
7.891401052474976
7.884098768234253
7.885404586791992
7.896108627319336
7.892833471298218
7.8916239738464355
7.894896507263184
7.8978307247161865
7.781857252120972
7.775903701782227
7.79103422164917
7.778713226318359
7.781494140625
7.789720058441162
7.79689884185791
7.78348183631897
7.798899412155151
7.787383794784546
7.791074991226196
7.791810512542725
7.794232130050659
7.790454387664795
7.793481111526489
7.795012474060059
7.804136037826538
7.805970668792725
7.799188852310181
7.803345680236816
7.820266962051392
7.805301904678345
7.805478572845459
7.808884620666504
7.814005374908447
7.812064170837402
7.823497533798218
7.819958686828613
7.78535270690918
7.780684471130371
7.7857208251953125
7.788691997528076
7.793378114700317
7.793332099914551
7.7957494258880615
7.7880942821502686
7.796838283538818
7.79538893699646
7.802894592285156
7.795648813247681
7.805505752563477
7.799443960189819
7.807743787765503
7.807468414306641
7.805978298187256
7.809622049331665
7.812386512756348
7.807999134063721
7.8212730884552
7.812265396118164
7.815180063247681
7.827107667922974
7.81908392906189
7.82679009437561
7.825991153717041
7.8263633251190186
7.79408073425293
7.801602363586426
7.795511722564697
7.794227600097656
7.796096563339233
7.802341938018799
7.800655364990234
7.804775238037109
7.807166814804077
7.803189516067505
7.8089892864227295
7.805903196334839
7.80803918838501
7.8121583461761475
7.811259984970093
7.819527864456177
7.8131937980651855
7.81463098526001
7.8167736530303955
7.818512916564941
7.827644109725952
7.823819637298584
7.824524164199829
7.833798408508301
7.833881855010986
7.8291707038879395
7.832050561904907
7.835824728012085
7.796048641204834
7.805948257446289
7.79913330078125
7.7982189655303955
7.804802656173706
7.811774969100952
7.806439638137817
7.801858425140381
7.814880847930908
7.811186790466309
7.8179779052734375
7.811588287353516
7.816533088684082
7.817613840103149
7.816143274307251
7.823082685470581
7.826209545135498
7.826385259628296
7.825559139251709
7.82581353187561
7.843299388885498
7.828504800796509
7.846620082855225
7.8352882862091064
7.8347392082214355
7.834531307220459
7.837061643600464
7.84048056602478
7.752983093261719
7.755981922149658
7.77002739906311
7.760111570358276
7.758389949798584
7.760157823562622
7.759896278381348
7.757756233215332
7.792203903198242
7.7602925300598145
7.7607421875
7.7624900341033936
7.761097431182861
7.760495185852051
7.773421287536621
7.764193534851074
7.77350378036499
7.771080493927002
7.773456573486328
7.772881031036377
7.770175218582153
7.759975433349609
7.760231256484985
7.763185024261475
7.764843463897705
7.761377334594727
7.761574983596802
7.766938924789429
9.588949203491211
9.590691328048706
9.597023010253906
9.595041990280151
9.598592758178711
9.614826202392578
9.59913945198059
9.60397219657898
9.609294414520264
9.612123012542725
9.62012243270874
9.611572742462158
9.619998216629028
9.619081735610962
9.628604412078857
9.633394956588745
9.622257471084595
9.629256963729858
9.625293970108032
9.635472059249878
9.631815195083618
9.633827686309814
9.639194965362549
9.636699914932251
9.638938426971436
9.638802528381348
9.650954723358154
9.649927377700806
7.802427768707275
7.8097755908966064
7.804743766784668
7.808168172836304
7.807049036026001
7.804900169372559
7.807911157608032
7.806015968322754
7.802193641662598
7.807715892791748
7.801963567733765
7.809187173843384
7.807996034622192
7.8080315589904785
7.807745695114136
7.815337181091309
7.804941177368164
7.806784391403198
7.806579828262329
7.8144426345825195
7.803574562072754
7.798808574676514
7.809361934661865
7.8113439083099365
7.811840534210205
7.814030170440674
7.79979944229126
7.8167524337768555
9.922951221466064
9.921955347061157
9.918686389923096
9.925345420837402
9.934369802474976
9.933809757232666
9.93847942352295
9.931875705718994
9.949013710021973
9.938356876373291
9.950543880462646
9.945343971252441
9.954509973526001
9.961889266967773
9.963436126708984
9.959463834762573
9.959954023361206
9.967268466949463
9.960949420928955
9.969300985336304
9.980553388595581
9.979290962219238
9.978634357452393
9.976688385009766
9.985233545303345
9.983067512512207
9.994808912277222
9.995573043823242
12.212602615356445
12.216833591461182
12.226771354675293
12.220329284667969
12.23228645324707
12.237158060073853
12.24577021598816
12.231436014175415
12.255232572555542
12.259190559387207
12.259760618209839
12.270934104919434
12.263685703277588
12.268864393234253
12.281451940536499
12.281795978546143
12.284219741821289
12.299797773361206
12.30249834060669
12.306085586547852
12.307851076126099
12.31875991821289
12.329092502593994
12.32386302947998
12.342192649841309
12.33360743522644
12.337216138839722
12.348233461380005
9.104501485824585
9.094059705734253
9.094795942306519
9.08985447883606
9.105784893035889
9.100675344467163
9.097140312194824
9.100852251052856
9.10532808303833
9.099884510040283
9.094517230987549
9.097348928451538
9.101008892059326
9.1085946559906
9.09704303741455
9.114292860031128
9.103058338165283
9.10462737083435
9.110383749008179
9.113441228866577
9.119153499603271
9.10759162902832
9.122704267501831
9.111244916915894
9.113600015640259
9.107630252838135
9.11133074760437
9.112948656082153
9.159838199615479
9.165344953536987
9.165921449661255
9.165204763412476
9.157915830612183
9.166553020477295
9.161348104476929
9.166755437850952
9.16327714920044
9.147219896316528
9.170568227767944
9.161393642425537
9.140447616577148
9.146920442581177
9.167901277542114
9.144934892654419
9.149274826049805
9.170026063919067
9.171723127365112
9.173061847686768
9.174122095108032
9.167579412460327
9.175650835037231
9.175830364227295
9.176801681518555
9.178391933441162
9.17782187461853
9.17876648902893
9.091522693634033
9.105801582336426
9.09632658958435
9.1095712184906
9.102914333343506
9.110607147216797
9.103994846343994
9.108690977096558
9.098752737045288
9.1124906539917
9.091838836669922
9.096469402313232
9.114352941513062
9.109972953796387
9.112097263336182
9.109500408172607
9.115917444229126
9.105209827423096
9.116106271743774
9.11634874343872
9.121047973632812
9.116356611251831
9.115966558456421
9.111390590667725
9.123873710632324
9.108590364456177
9.12339997291565
9.112628936767578
9.290303707122803
9.29096007347107
9.292014837265015
9.28624701499939
9.29284405708313
9.28776741027832
9.295158624649048
9.2947518825531
9.29427194595337
9.289903163909912
9.290411710739136
9.297507047653198
9.293298482894897
9.295269966125488
9.295273303985596
9.298012495040894
9.303312063217163
9.298794507980347
9.298220872879028
9.300858497619629
9.30240273475647
9.303631782531738
9.302806854248047
9.304219722747803
9.305673837661743
9.305811166763306
9.308971166610718
9.308194875717163
9.117233991622925
9.119726419448853
9.117788553237915
9.12005066871643
9.119466781616211
9.118597507476807
9.119189500808716
9.118909358978271
9.121442079544067
9.120810985565186
9.125661849975586
9.122623205184937
9.127112865447998
9.125592470169067
9.126490354537964
9.126207113265991
9.130700826644897
9.125128269195557
9.13202714920044
9.132938385009766
9.134304761886597
9.134568691253662
9.131192207336426
9.13515567779541
9.134107112884521
9.135625839233398
9.136733293533325
9.140026569366455
12.7639479637146
12.764387369155884
12.761660099029541
12.773796319961548
12.767393350601196
12.77236032485962
12.777268886566162
12.779741048812866
12.778817176818848
12.780380964279175
12.78535270690918
12.79278826713562
12.789768934249878
12.793607234954834
12.79117727279663
12.796309232711792
12.79638147354126
12.797277212142944
12.807018995285034
12.801635265350342
12.80484414100647
12.805391550064087
12.801330327987671
12.820426940917969
12.813552618026733
12.821774959564209
12.82885479927063
12.828683853149414
12.330397129058838
12.335699796676636
12.330530643463135
12.336655855178833
12.329723834991455
12.351689100265503
12.341224431991577
12.34554123878479
12.346401453018188
12.346406936645508
12.349928379058838
12.363843441009521
12.35557746887207
12.354676485061646
12.366328954696655
12.359809875488281
12.365020990371704
12.361059427261353
12.36569356918335
12.36621904373169
12.368142127990723
12.369027853012085
12.381595373153687
12.370631217956543
12.371797800064087
12.376982927322388
12.388572692871094
12.388802766799927
12.343605756759644
12.337282657623291
12.323907852172852
12.340645551681519
12.353092193603516
12.344196319580078
12.352887153625488
12.351661682128906
12.357946872711182
12.348558187484741
12.36489462852478
12.362120866775513
12.36247706413269
12.362807512283325
12.364755630493164
12.360923290252686
12.367906332015991
12.366164922714233
12.374281406402588
12.36742377281189
12.38324522972107
12.356429100036621
12.378149271011353
12.375961542129517
12.379332542419434
12.378369569778442
12.388220071792603
12.390151739120483
12.325517416000366
12.320297479629517
12.326525211334229
12.32454252243042
12.323270559310913
12.330559730529785
12.33511734008789
12.333834171295166
12.338881015777588
12.33194351196289
12.334929466247559
12.343292474746704
12.346309423446655
12.329499006271362
12.349189043045044
12.350785970687866
12.352262496948242
12.345455646514893
12.35662841796875
12.350857257843018
12.353330373764038
12.359247922897339
12.350654125213623
12.361456632614136
12.361225128173828
12.370538473129272
12.373079776763916
12.371654987335205
12.499482154846191
12.512925624847412
12.504979848861694
12.506793022155762
12.506277799606323
12.521348237991333
12.513436555862427
12.51616621017456
12.516653060913086
12.52865719795227
12.521456956863403
12.523876905441284
12.523852825164795
12.534304141998291
12.529564619064331
12.538793802261353
12.533542394638062
12.534057378768921
12.53690242767334
12.53830361366272
12.540660858154297
12.549997091293335
12.544702053070068
12.549041271209717
12.557555198669434
12.550373315811157
12.552639484405518
12.55989384651184
13.618085861206055
13.617577075958252
13.619769096374512
13.621357202529907
13.62277603149414
13.623181581497192
13.619730472564697
13.62397837638855
13.62328815460205
13.626126766204834
13.630086183547974
13.625105619430542
13.62493109703064
13.631860733032227
13.629093170166016
13.629615783691406
13.634383916854858
13.632112264633179
13.628651857376099
13.637439489364624
13.634685277938843
13.640540599822998
13.638169527053833
13.635506868362427
13.64386248588562
13.639065504074097
13.640568971633911
13.647627830505371
13.936131715774536
13.956452369689941
13.966484546661377
13.965468406677246
13.9697744846344
13.9617280960083
13.96213436126709
13.970231771469116
13.972049236297607
13.966338634490967
13.966522932052612
13.975811004638672
13.974525928497314
13.972881555557251
13.979522705078125
13.980031728744507
13.98652696609497
13.980034112930298
13.98324990272522
13.979400634765625
13.986438512802124
13.98524785041809
13.979982614517212
13.985688924789429
13.99034070968628
13.96974802017212
13.988324165344238
13.999694108963013
13.66380763053894
13.664413928985596
13.665323972702026
13.67034387588501
13.67021894454956
13.66114616394043
13.67326021194458
13.665407180786133
13.6736900806427
13.676384687423706
13.671680688858032
13.67248797416687
13.676448822021484
13.671973705291748
13.678410530090332
13.67468786239624
13.679682970046997
13.678089380264282
13.68108582496643
13.68234658241272
13.688189268112183
13.694328308105469
13.674578428268433
13.681232213973999
13.686829090118408
13.695271730422974
13.697672605514526
13.691608428955078
14.061895608901978
14.063762903213501
14.070541381835938
14.073164224624634
14.074242115020752
14.076651573181152
14.08038592338562
14.080844402313232
14.082813739776611
14.074186563491821
14.083046674728394
14.083133935928345
14.08896017074585
14.084375143051147
14.085086584091187
14.091759443283081
14.090932846069336
14.093492031097412
14.096519231796265
14.096712827682495
14.089259624481201
14.100829362869263
14.090466976165771
14.10091757774353
14.10077428817749
14.099301815032959
14.102623701095581
14.107210397720337
13.821651697158813
13.806092500686646
13.823059797286987
13.820667505264282
13.825037002563477
13.827023267745972
13.818025350570679
13.828760147094727
13.810492038726807
13.828283309936523
13.829894542694092
13.832340955734253
13.837244033813477
13.834889650344849
13.833337783813477
13.831327438354492
13.841442823410034
13.83094573020935
13.835397720336914
13.839585542678833
13.822701454162598
13.84189510345459
13.84209680557251
13.829739809036255
13.843235731124878
13.845581769943237
13.846602439880371
13.849737405776978
16.501408338546753
16.503722190856934
16.506706714630127
16.50322151184082
16.508806467056274
16.50951600074768
16.512996673583984
16.510067462921143
16.513327836990356
16.515300989151
16.51443910598755
16.514286279678345
16.51726531982422
16.531344175338745
16.52135729789734
16.524653673171997
16.530511379241943
16.53141736984253
16.54029941558838
16.54367756843567
16.524682760238647
16.54628038406372
16.544478178024292
16.53589701652527
16.55273413658142
16.546710729599
16.533820390701294
16.545919179916382
15.960625648498535
15.962544679641724
15.960074424743652
15.96098780632019
15.962132215499878
15.965399980545044
15.962438344955444
15.967345237731934
15.968047380447388
15.967106103897095
15.972873449325562
15.95731496810913
15.97396469116211
15.972826957702637
15.975322961807251
15.980015754699707
15.95536208152771
15.975451707839966
15.97730541229248
15.98305058479309
15.97778844833374
15.980382919311523
15.978417158126831
15.981359481811523
15.977907180786133
15.983196258544922
15.983228206634521
15.982299327850342
16.037794828414917
16.03665828704834
16.035014390945435
16.034598350524902
16.051028728485107
16.051785945892334
16.042468070983887
16.046035766601562
16.04711079597473
16.052053928375244
16.054912567138672
16.05501961708069
16.056396484375
16.054167985916138
16.055426120758057
16.057176113128662
16.05781054496765
16.057769536972046
16.065863609313965
16.070708990097046
16.066537618637085
16.052157640457153
16.053260326385498
16.06668496131897
16.07098937034607
16.05374765396118
16.06394934654236
16.057154178619385
18.28911781311035
18.291126251220703
18.28593635559082
18.30447220802307
18.288466930389404
18.306495189666748
18.3071346282959
18.303961515426636
18.31503176689148
18.31476092338562
18.315375328063965
18.32694125175476
18.33011269569397
18.333189487457275
18.333338260650635
18.313929080963135
18.340057849884033
18.346220016479492
18.338096618652344
18.357585906982422
18.328125953674316
18.334383249282837
18.369710683822632
18.3722722530365
18.375764846801758
18.38139009475708
18.369529485702515
18.385212182998657
16.131113290786743
16.140244722366333
16.135984659194946
16.140064239501953
16.14281463623047
16.13979148864746
16.144869327545166
16.14701223373413
16.149895906448364
16.148773670196533
16.1371808052063
16.148561000823975
16.148825645446777
16.146015167236328
16.154752492904663
16.14511799812317
16.150306701660156
16.15121102333069
16.15058135986328
16.150714874267578
16.155154943466187
16.153680562973022
16.156488180160522
16.146591663360596
16.151137828826904
16.151702642440796
16.15428400039673
16.153741359710693
18.66844916343689
18.665079593658447
18.672388315200806
18.66847515106201
18.66184711456299
18.670037984848022
18.67673373222351
18.67889094352722
18.676787614822388
18.68575096130371
18.689664125442505
18.68552803993225
18.69173264503479
18.68936538696289
18.691619157791138
18.691577196121216
18.694257736206055
18.69639229774475
18.69307851791382
18.69892930984497
18.695591688156128
18.697067260742188
18.705748081207275
18.69345998764038
18.70374894142151
18.70961356163025
18.711149215698242
18.716856718063354
20.689021587371826
20.69078278541565
20.69530439376831
20.7000834941864
20.694025993347168
20.700398206710815
20.71070647239685
20.714871406555176
20.701595067977905
20.720982551574707
20.72589659690857
20.72251319885254
20.732491731643677
20.721158266067505
20.725748538970947
20.737911224365234
20.7453830242157
20.745755195617676
20.74669313430786
20.758978128433228
20.767897844314575
20.763761281967163
20.775412559509277
20.78374218940735
20.78242301940918
20.780391454696655
20.79146432876587
20.792792558670044
18.26047372817993
18.262107610702515
18.25768256187439
18.266869068145752
18.26018524169922
18.272526264190674
18.26720929145813
18.266994953155518
18.270904779434204
18.27120089530945
18.267470598220825
18.268447160720825
18.265105485916138
18.275702476501465
18.275989532470703
18.266838312149048
18.26584267616272
18.25658106803894
18.266385793685913
18.276501178741455
18.263041019439697
18.272770643234253
18.26618194580078
18.26464605331421
18.27331519126892
18.27673363685608
18.269500494003296
18.254948377609253
18.266000270843506
18.26972246170044
18.27077841758728
18.27167582511902
18.27241086959839
18.273565530776978
18.264033317565918
18.267796516418457
18.274132013320923
18.2741117477417
18.269289255142212
18.27057147026062
18.260673999786377
18.27897047996521
18.27566432952881
18.26216220855713
18.27833867073059
18.270418882369995
18.271282196044922
18.276588916778564
18.265798568725586
18.280143976211548
18.276925086975098
18.27557373046875
18.280596256256104
18.274881601333618
18.275152444839478
18.27140164375305
18.29180645942688
18.288652420043945
18.29130983352661
18.29594922065735
18.287669897079468
18.29836630821228
18.279383420944214
18.292907238006592
18.291662454605103
18.29785180091858
18.302544355392456
18.295534133911133
18.30038046836853
18.286023139953613
18.300243854522705
18.29680848121643
18.300777435302734
18.298025369644165
18.29638671875
18.296211004257202
18.296716451644897
18.301268100738525
18.301670789718628
18.296440362930298
18.300240993499756
18.296343326568604
18.300240755081177
18.2989182472229
