199.46831679344177
196.7092158794403
196.34228134155273
198.9386341571808
196.10533499717712
116.11950850486755
116.15249371528625
116.05716753005981
116.08891677856445
117.69228959083557
117.72770118713379
116.15901947021484
116.18798279762268
117.90092134475708
117.93732523918152
82.10631132125854
82.13044261932373
82.13318943977356
96.21607160568237
96.2185628414154
96.2476236820221
82.44021821022034
82.46794819831848
82.46763944625854
82.22421765327454
82.24811434745789
82.25027275085449
81.08338236808777
81.10914373397827
81.1092381477356
62.90674161911011
62.92765688896179
62.92800331115723
62.92970514297485
62.83337998390198
62.8522162437439
62.853880882263184
62.855167627334595
62.8713743686676
62.89570212364197
62.89537072181702
62.89774799346924
62.90727782249451
62.92685413360596
62.92895197868347
62.93023204803467
62.24200677871704
62.26449012756348
62.26537322998047
62.26514959335327
49.44703245162964
49.46721029281616
49.4674756526947
49.46841883659363
49.4684784412384
49.0493540763855
49.06898236274719
49.07091283798218
49.07116365432739
49.0701904296875
49.12659406661987
49.1478271484375
49.147045612335205
49.14766192436218
49.148802280426025
51.94779586791992
51.949928283691406
51.95621681213379
51.95675826072693
51.963356256484985
73.96453309059143
73.98304986953735
74.01550126075745
74.0344181060791
74.08780574798584
40.90778684616089
40.92452573776245
40.925148248672485
40.925108194351196
40.92663073539734
40.92639470100403
40.918264627456665
40.9341344833374
40.93438935279846
40.93651843070984
40.93660616874695
40.93789768218994
40.6353394985199
40.65272545814514
40.6521258354187
40.65235257148743
40.65265440940857
40.652504444122314
40.59371876716614
40.60710000991821
40.607165575027466
40.608012199401855
40.60922455787659
40.610992670059204
40.74139428138733
40.75941252708435
40.75924801826477
40.760703802108765
40.760863304138184
40.76127052307129
34.742037773132324
34.75922703742981
34.76071739196777
34.75874376296997
34.76197147369385
34.761446952819824
34.76182246208191
34.735042572021484
34.74540567398071
34.746633768081665
34.748918771743774
34.74946045875549
34.750327825546265
34.75090265274048
37.489317417144775
37.48959517478943
37.49636173248291
37.49664878845215
37.50317406654358
37.51123785972595
37.519333600997925
34.70879364013672
34.7243971824646
34.7258038520813
34.726442098617554
34.72519493103027
34.72527194023132
34.7255756855011
34.86341404914856
34.875853300094604
34.87779760360718
34.87912702560425
34.88020348548889
34.87992715835571
34.8786883354187
31.00043749809265
31.008527994155884
31.014455556869507
31.01671290397644
31.016770124435425
31.01756978034973
31.020066738128662
31.02358603477478
30.237759828567505
30.24917244911194
30.252017974853516
30.251649141311646
30.252295970916748
30.251258850097656
30.253552198410034
30.252809047698975
31.09100890159607
31.092074632644653
31.095630168914795
31.098021507263184
31.099985122680664
31.104072093963623
31.106271982192993
31.110719203948975
30.198691844940186
30.21407175064087
30.21289372444153
30.21405863761902
30.215361833572388
30.214657068252563
30.216788053512573
30.215802669525146
30.126494884490967
30.138728618621826
30.140833616256714
30.140869855880737
30.14186716079712
30.14227056503296
30.14307975769043
30.142088890075684
26.714730262756348
26.71850323677063
26.718454122543335
26.720200538635254
26.71996259689331
26.719887495040894
26.72067880630493
26.719059944152832
26.719932556152344
26.93670630455017
26.94630718231201
26.94988489151001
26.950825214385986
26.95159673690796
26.951213836669922
26.949474096298218
26.94974184036255
26.951317310333252
26.704155921936035
26.716109037399292
26.715925216674805
26.715017557144165
26.71538543701172
26.714895725250244
26.71602702140808
26.715219736099243
26.716435194015503
27.25741934776306
27.266077995300293
27.27279829978943
27.27295470237732
27.27337622642517
27.274045944213867
27.2731990814209
27.27302837371826
27.278799533843994
26.741785764694214
26.751750230789185
26.75514245033264
26.75570321083069
26.75436806678772
26.75575590133667
26.75605273246765
26.755362033843994
26.755682706832886
23.984406232833862
23.99300765991211
23.99658727645874
23.995408058166504
23.996848344802856
23.996214866638184
23.99654769897461
23.99651074409485
23.99766969680786
23.997908115386963
24.084168910980225
24.09406805038452
24.095421314239502
24.09655237197876
24.097100496292114
24.095842838287354
24.096181392669678
24.09715747833252
24.09623694419861
24.097288846969604
23.968181610107422
23.979189157485962
23.980595588684082
23.980212688446045
23.980573415756226
23.980969429016113
23.980271816253662
23.98027777671814
23.981642723083496
23.981036901474
23.96354627609253
23.971731662750244
23.975231647491455
23.97429871559143
23.974408864974976
23.974749326705933
23.974109411239624
23.973668575286865
23.97567367553711
23.97579526901245
23.851299047470093
23.86148190498352
23.862060546875
23.863137245178223
23.86418056488037
23.864999771118164
23.86319136619568
23.863887310028076
23.86512541770935
23.86501431465149
21.61543560028076
21.61671805381775
21.6206271648407
21.62175226211548
21.62287211418152
21.625264883041382
21.624966621398926
21.6274733543396
21.628246307373047
21.63044548034668
21.628742218017578
21.558732748031616
21.561185121536255
21.5619535446167
21.564035415649414
21.567859888076782
21.56704068183899
21.568459033966064
21.56992483139038
21.570857524871826
21.57045316696167
21.571396350860596
22.24855351448059
22.25719904899597
22.25733709335327
22.262081384658813
22.261679649353027
22.26279354095459
22.268415927886963
22.268251419067383
22.269074201583862
22.270102739334106
22.274892807006836
21.57252335548401
21.576383113861084
21.57689619064331
21.578129768371582
21.579536199569702
21.581697463989258
21.58395481109619
21.585642099380493
21.587735414505005
21.58682417869568
21.58934712409973
21.809526681900024
21.812838554382324
21.81337261199951
21.81525421142578
21.81428599357605
21.817980527877808
21.817777633666992
21.82097887992859
21.822598457336426
21.825969457626343
21.82844638824463
19.837098360061646
19.841861248016357
19.845979928970337
19.84528350830078
19.84600019454956
19.846702337265015
19.84615182876587
19.844422340393066
19.847882509231567
19.844993829727173
19.846844911575317
19.848184823989868
19.538356065750122
19.539791345596313
19.541435480117798
19.54086136817932
19.543805360794067
19.545714616775513
19.54613161087036
19.548362970352173
19.549885034561157
19.55038285255432
19.549508571624756
19.5505793094635
19.7451229095459
19.747714281082153
19.7486310005188
19.74838638305664
19.751203536987305
19.75229525566101
19.754915952682495
19.753665924072266
19.756832122802734
19.75914454460144
19.760077714920044
19.761404037475586
19.547298908233643
19.548502206802368
19.549514293670654
19.550836086273193
19.552229642868042
19.556110620498657
19.555307626724243
19.555734157562256
19.557525873184204
19.559946060180664
19.559813261032104
19.5594379901886
19.600316524505615
19.60288166999817
19.604134798049927
19.604490756988525
19.60775923728943
19.611865758895874
19.611634254455566
19.613677978515625
19.614819049835205
19.61623477935791
19.617187023162842
19.613040924072266
18.192605018615723
18.193996906280518
18.198879718780518
18.202020168304443
18.20414400100708
18.200427293777466
18.201550483703613
18.200430393218994
18.20196270942688
18.201708793640137
18.204201221466064
18.20179271697998
18.203384160995483
18.3720486164093
18.375818490982056
18.380479097366333
18.38208818435669
18.382404327392578
18.382361888885498
18.38256049156189
18.380114793777466
18.382943391799927
18.382171869277954
18.381805419921875
18.383670330047607
18.382203578948975
18.517505407333374
18.52405333518982
18.527809143066406
18.527291774749756
18.531780004501343
18.527088165283203
18.527901887893677
18.52893900871277
18.530004739761353
18.529754877090454
18.529303550720215
18.53058624267578
18.53476333618164
18.433883666992188
18.43579649925232
18.444243669509888
18.444132328033447
18.444907426834106
18.444881677627563
18.444790840148926
18.445196390151978
18.44553303718567
18.443366289138794
18.445934057235718
18.445398330688477
18.445762157440186
20.68627667427063
20.689632892608643
20.69298529624939
20.695345640182495
20.699677228927612
20.70228409767151
20.706047296524048
20.70923089981079
20.716004371643066
20.71689248085022
20.72022557258606
20.728782415390015
20.734648942947388
21.93631148338318
21.937413692474365
21.944000244140625
21.950801849365234
21.958304166793823
21.958019971847534
21.971653699874878
21.97461748123169
21.98730492591858
21.991957902908325
21.999383211135864
22.008691787719727
22.009039640426636
22.019370317459106
16.89677381515503
16.89940619468689
16.90250539779663
16.90227508544922
16.903522491455078
16.904834508895874
16.904000759124756
16.907812118530273
16.909036874771118
16.90780544281006
16.908835649490356
16.911383628845215
16.913140296936035
16.915377140045166
16.90220546722412
16.906164169311523
16.908515453338623
16.9090793132782
16.909940481185913
16.91091775894165
16.911978006362915
16.913684368133545
16.91418170928955
16.91421365737915
16.915628910064697
16.915606021881104
16.918330192565918
16.919540643692017
17.44972825050354
17.44741177558899
17.456445932388306
17.459224700927734
17.45947003364563
17.461730003356934
17.460340976715088
17.46367120742798
17.46341037750244
17.466716527938843
17.46674418449402
17.469938039779663
17.4683256149292
17.471172332763672
16.89913058280945
16.901999473571777
16.903873443603516
16.905615091323853
16.907031536102295
16.908525228500366
16.90765118598938
16.909245252609253
16.911747455596924
16.911792755126953
16.913742303848267
16.914378881454468
16.916316270828247
16.915860891342163
15.983489990234375
15.989908933639526
16.074898719787598
15.997234582901001
15.998759984970093
15.9996497631073
15.99980878829956
16.000362634658813
15.998265266418457
16.002140283584595
15.998425483703613
16.000719785690308
16.000117778778076
15.998984575271606
16.001535654067993
15.60961627960205
15.61960244178772
15.695998907089233
15.622841119766235
15.626227378845215
15.628295183181763
15.628139019012451
15.621933698654175
15.626565933227539
15.626989841461182
15.625433444976807
15.626339673995972
15.625311613082886
15.627218246459961
15.625343084335327
15.839263439178467
15.847134113311768
15.928014993667603
15.854381561279297
15.849459648132324
15.852474927902222
15.854948282241821
15.854861497879028
15.851787090301514
15.85666036605835
15.85273551940918
15.853601455688477
15.855290174484253
15.855685472488403
15.857181310653687
15.88899040222168
15.897653579711914
15.97028636932373
15.903674602508545
15.905109643936157
15.90553617477417
15.905300378799438
15.906129121780396
15.902825832366943
15.90492558479309
15.90609097480774
15.901151895523071
15.903821468353271
15.906588315963745
15.904175043106079
15.7167227268219
15.72383737564087
15.80178952217102
15.730024337768555
15.730902671813965
15.73107624053955
15.733603954315186
15.734276056289673
15.732069969177246
15.733225107192993
15.731667757034302
15.734089136123657
15.732918977737427
15.734448432922363
15.731648921966553
14.911908864974976
14.969581604003906
14.921218156814575
14.972588777542114
14.927002668380737
14.92624831199646
14.930323123931885
14.926748752593994
14.930190563201904
14.930588245391846
14.925289869308472
14.930247068405151
14.926859140396118
14.926435470581055
14.93097472190857
14.929325580596924
14.73578429222107
14.790043830871582
14.742876529693604
14.795490503311157
14.747499465942383
14.752100229263306
14.75127124786377
14.755592584609985
14.753650903701782
14.752381801605225
14.755962371826172
14.75096583366394
14.750957489013672
14.752838134765625
14.751648902893066
14.75606656074524
14.90943717956543
14.968333721160889
14.921202659606934
14.974332809448242
14.927836418151855
14.928149461746216
14.930056095123291
14.930258512496948
14.930068969726562
14.929342031478882
14.929812669754028
14.928383111953735
14.928957223892212
14.930397033691406
14.929081916809082
14.928288698196411
14.865234375
14.924129724502563
14.874711513519287
14.930363655090332
14.884601831436157
14.884098052978516
14.884033918380737
14.885918617248535
14.886122465133667
14.888883590698242
14.890077829360962
14.88766622543335
14.888752222061157
14.891842603683472
14.892199277877808
14.892638444900513
15.285356521606445
15.292922496795654
15.294936656951904
15.294138193130493
15.29887843132019
15.302010536193848
15.301226615905762
15.30448579788208
15.309111595153809
15.359908819198608
15.308587312698364
15.31246304512024
15.359883785247803
15.315739631652832
15.315484523773193
15.320245027542114
13.61751103401184
13.620833396911621
13.650290250778198
13.62714695930481
13.65311074256897
13.628228187561035
13.655808210372925
13.629833221435547
13.629916191101074
13.63065505027771
13.631250143051147
13.630857706069946
13.630226850509644
13.631308317184448
13.631091833114624
13.629483699798584
13.631513595581055
13.702807188034058
13.73488974571228
13.709195375442505
13.737167358398438
13.735506057739258
13.714162588119507
13.711337566375732
13.71451187133789
13.715470314025879
13.715243101119995
13.716217041015625
13.71793818473816
13.717275381088257
13.716517686843872
13.717728614807129
13.71763825416565
13.718445301055908
13.88487458229065
13.914768934249878
13.894853353500366
13.91970682144165
13.923112869262695
13.899734497070312
13.90153956413269
13.90053939819336
13.903918027877808
13.9034583568573
13.902169466018677
13.903330087661743
13.904053211212158
13.90120553970337
13.902506589889526
13.899612665176392
13.904838562011719
13.985801458358765
14.02214527130127
13.99426794052124
14.025538206100464
14.02603816986084
13.998715162277222
14.00331711769104
13.998126983642578
14.001172304153442
13.999662399291992
14.002109289169312
14.002794742584229
14.002060174942017
14.001898765563965
14.000879049301147
14.004931688308716
14.001422882080078
13.728424787521362
13.758821487426758
13.761573076248169
13.73920226097107
13.765398263931274
13.741132497787476
13.741564512252808
13.742097616195679
13.74460768699646
13.744952201843262
13.742753982543945
13.743586301803589
13.745486974716187
13.7450270652771
13.747121095657349
13.746153354644775
13.74677562713623
13.019516706466675
13.022769451141357
13.046172380447388
13.047380208969116
13.047606468200684
13.0300874710083
13.026566982269287
13.046802282333374
13.031527519226074
13.031051397323608
13.031571626663208
13.031506776809692
13.024555921554565
13.031635284423828
13.033092498779297
13.02837610244751
13.03239893913269
13.033270359039307
13.222903728485107
13.22985291481018
13.24791407585144
13.249669790267944
13.246610164642334
13.234086513519287
13.236767292022705
13.253448009490967
13.238616228103638
13.239819526672363
13.236666679382324
13.241352558135986
13.239919900894165
13.242416143417358
13.242658853530884
13.24220609664917
13.244579553604126
13.245758056640625
12.989367961883545
12.993319988250732
12.996299982070923
12.996640682220459
12.99469256401062
12.997753620147705
12.996208667755127
12.99697470664978
12.998921871185303
12.999279022216797
12.9968900680542
12.99821162223816
12.998417615890503
12.99759030342102
13.015724658966064
13.017680644989014
13.019652843475342
13.021253824234009
15.198341131210327
15.226694345474243
15.230775594711304
15.211859226226807
15.238342523574829
15.222261428833008
15.235579490661621
15.228511333465576
15.23177194595337
15.233556985855103
15.235978841781616
15.240817546844482
15.241645097732544
15.247984886169434
15.246158599853516
15.253698348999023
15.253230571746826
15.259868860244751
12.990756034851074
12.996464729309082
12.998353719711304
12.999662399291992
12.999223232269287
13.000890970230103
12.998139381408691
12.997447490692139
12.997861862182617
13.002395391464233
13.001091957092285
12.998685359954834
12.998034954071045
12.997940063476562
13.013153314590454
13.015273332595825
13.017626762390137
13.018506526947021
12.324476480484009
12.344505071640015
12.331456184387207
12.343860387802124
12.346913814544678
12.348140001296997
12.33079195022583
12.348080158233643
12.340084552764893
12.340187072753906
12.336326837539673
12.336719274520874
12.33474326133728
12.336517810821533
12.341789722442627
12.341710090637207
12.336323022842407
12.334601402282715
12.338186502456665
12.204174995422363
12.204861879348755
12.209661483764648
12.208399295806885
12.208904266357422
12.210698366165161
12.210716485977173
12.209336757659912
12.211260080337524
12.20953917503357
12.2100510597229
12.222907781600952
12.211209774017334
12.211331129074097
12.210540771484375
12.226234674453735
12.230959415435791
12.232263326644897
12.2339768409729
12.166522979736328
12.169965744018555
12.173074960708618
12.194143056869507
12.195369005203247
12.194871425628662
12.176203489303589
12.17688250541687
12.198028564453125
12.18265414237976
12.181066274642944
12.182556390762329
12.193984746932983
12.18371033668518
12.183681964874268
12.181257009506226
12.180237293243408
12.1787588596344
12.179049253463745
12.325350046157837
12.329675912857056
12.348889827728271
12.350167751312256
12.334320545196533
12.351545810699463
12.352540254592896
12.351897716522217
12.340755462646484
12.340557098388672
12.337819576263428
12.34193205833435
12.341341257095337
12.341758251190186
12.342894554138184
12.337495565414429
12.337691068649292
12.336751461029053
12.340216875076294
12.188995838165283
12.187825918197632
12.208911895751953
12.196193933486938
12.209480285644531
12.211967706680298
12.212131261825562
12.200101137161255
12.201172590255737
12.201554536819458
12.213585615158081
12.202192306518555
12.198974132537842
12.198208332061768
12.199631690979004
12.203915119171143
12.19876503944397
12.203330039978027
12.203649759292603
12.158246278762817
12.177064418792725
12.179638147354126
12.182082653045654
12.171316385269165
12.184882640838623
12.187010526657104
12.184702396392822
12.17664623260498
12.176249027252197
12.177760601043701
12.185069561004639
12.180941343307495
12.186035633087158
12.183005809783936
12.186653852462769
12.183493852615356
12.19052243232727
12.190238952636719
12.1902596950531
11.588150262832642
11.592628479003906
11.61082911491394
11.6106858253479
11.611723899841309
11.598909139633179
11.612810611724854
11.612871646881104
11.59920620918274
11.59896731376648
11.614259481430054
11.60126280784607
11.60246205329895
11.59955644607544
11.602586507797241
11.601714611053467
11.602567911148071
11.6027512550354
11.602160930633545
11.603814363479614
11.767704963684082
11.786723375320435
11.773162364959717
11.788049459457397
11.789596796035767
11.791122913360596
11.793226957321167
11.779168128967285
11.79333209991455
11.780967235565186
11.780300378799438
11.782950639724731
11.782561540603638
11.780608177185059
11.78076434135437
11.78087329864502
11.78313684463501
11.783003807067871
11.783246040344238
11.783177614212036
11.593242645263672
11.619285821914673
11.619065523147583
11.602352619171143
11.619718790054321
11.621065855026245
11.622594594955444
11.619824886322021
11.605546951293945
11.606977701187134
11.607082605361938
11.606047868728638
11.608355283737183
11.608176946640015
11.607956886291504
11.610819578170776
11.609929084777832
11.611050367355347
11.611613988876343
11.611626863479614
11.771337747573853
11.778522253036499
11.79292631149292
11.795002698898315
11.795974969863892
11.797667503356934
11.784791469573975
11.799237489700317
11.800697803497314
11.789211988449097
11.789914846420288
11.788235187530518
11.788524627685547
11.790134191513062
11.787020206451416
11.789911031723022
11.790159702301025
11.787859201431274
11.788254261016846
11.787217140197754
11.098785638809204
11.103979110717773
11.112647533416748
11.112614393234253
11.113361120223999
11.11496090888977
11.116377353668213
11.117702722549438
11.110805749893188
11.118770837783813
11.11310076713562
11.112122297286987
11.109639406204224
11.113926887512207
11.113210439682007
11.110804080963135
11.114333152770996
11.114313840866089
11.113245725631714
11.11201000213623
11.114581108093262
11.057964563369751
11.055948257446289
11.071699619293213
11.072891235351562
11.073886632919312
11.061843633651733
11.072868585586548
11.074309349060059
11.074328422546387
11.074594497680664
11.065666675567627
11.06663465499878
11.064148664474487
11.06350302696228
11.063558578491211
11.066681861877441
11.063931465148926
11.066596031188965
11.066251277923584
11.065661907196045
11.065022468566895
11.225189924240112
11.228737831115723
11.228599309921265
11.23069715499878
11.2294921875
11.22950792312622
11.229959487915039
11.233388662338257
11.23141098022461
11.235510110855103
11.232342004776001
11.233590364456177
11.227708578109741
11.242037296295166
11.237176179885864
11.246027946472168
11.247076749801636
11.24915599822998
11.250348567962646
11.251343965530396
11.253112554550171
11.111175775527954
11.117415428161621
11.12730622291565
11.12784719467163
11.128856420516968
11.129332780838013
11.130694389343262
11.126167297363281
11.131990432739258
11.133854866027832
11.124874591827393
11.12577486038208
11.12274694442749
11.125397682189941
11.126185178756714
11.12799072265625
11.130474328994751
11.132267475128174
11.132222414016724
11.128985166549683
11.13026213645935
11.156211137771606
11.16135287284851
11.156465768814087
11.162037372589111
11.162570476531982
11.161665916442871
11.16331934928894
11.164514303207397
11.1652672290802
11.166505813598633
11.165045738220215
11.16326904296875
11.16477084159851
11.179361581802368
11.168953895568848
11.18030333518982
11.181761980056763
11.183005094528198
11.184414863586426
11.186361312866211
11.187398195266724
10.716745853424072
10.714936017990112
10.71843433380127
10.714701652526855
10.718372583389282
10.718620538711548
10.718764066696167
10.716685771942139
10.718658208847046
10.71876859664917
10.717671394348145
10.720935106277466
10.719867467880249
10.73017406463623
10.735064029693604
10.736260890960693
10.724206924438477
10.737751245498657
10.738841772079468
10.740839004516602
10.74161696434021
10.743780374526978
10.822312831878662
10.823874473571777
10.824633598327637
10.82578706741333
10.824929237365723
10.82717752456665
10.82688570022583
10.827706336975098
10.828960418701172
10.830050468444824
10.829508066177368
10.83094334602356
10.830828189849854
10.844035148620605
10.845951557159424
10.847741842269897
10.837459087371826
10.84926438331604
10.85067868232727
10.852580547332764
10.854885578155518
10.855695486068726
10.69053053855896
10.690225601196289
10.683369636535645
10.692018032073975
10.684049606323242
10.685529708862305
10.688588380813599
10.688594818115234
10.68950080871582
10.68897032737732
10.688660383224487
10.690061092376709
10.691838026046753
10.702118635177612
10.70585298538208
10.701438426971436
10.705900192260742
10.710459232330322
10.706098079681396
10.71279525756836
10.713879346847534
10.715619802474976
10.825300216674805
10.826862573623657
10.825210332870483
10.825180530548096
10.824535608291626
10.827910661697388
10.824719190597534
10.827975511550903
10.829247951507568
10.829368352890015
10.82940149307251
10.82937502861023
10.831197500228882
10.841429233551025
10.842912435531616
10.846201658248901
10.835122108459473
10.845493793487549
10.848540306091309
10.849269390106201
10.852439880371094
10.854096412658691
10.698169708251953
10.699570417404175
10.700368881225586
10.700865268707275
10.701337337493896
10.700936317443848
10.702186822891235
10.702209234237671
10.701565027236938
10.704066753387451
10.702897787094116
10.70427131652832
10.705596685409546
10.713651180267334
10.715437889099121
10.716854333877563
10.70790982246399
10.718219995498657
10.719649076461792
10.721125841140747
10.722335577011108
10.724024295806885
10.00046420097351
10.005189895629883
10.002841472625732
10.018349647521973
10.01725149154663
10.018761396408081
10.018973588943481
10.019908905029297
10.007898569107056
10.018810510635376
10.018935680389404
10.011098861694336
10.02130675315857
10.014543533325195
10.01321005821228
10.008794069290161
10.017708778381348
10.011441707611084
10.00863003730774
10.015654802322388
10.009073734283447
10.008280515670776
10.010321378707886
13.215290069580078
13.218177080154419
13.222926139831543
13.225221633911133
13.233566999435425
13.233198165893555
13.239306688308716
13.240068197250366
13.246107578277588
13.253655433654785
13.25433874130249
13.257876634597778
13.266219139099121
13.274789810180664
13.273688793182373
13.28147840499878
13.288113355636597
13.287131309509277
13.296116352081299
13.295968294143677
13.301444292068481
13.302414655685425
13.310935735702515
10.108619689941406
10.111550331115723
10.12108063697815
10.121479272842407
10.121777772903442
10.12338662147522
10.124131202697754
10.121067523956299
10.124450445175171
10.125353574752808
10.119036674499512
10.126489400863647
10.127023935317993
10.120571851730347
10.125403881072998
10.124611616134644
10.125338554382324
10.120715618133545
10.119815349578857
10.120753526687622
10.12073040008545
10.124586343765259
10.123522520065308
10.18437933921814
10.190916299819946
10.20003342628479
10.2002272605896
10.201831340789795
10.203780889511108
10.202844619750977
10.205009937286377
10.201464414596558
10.206113576889038
10.205360412597656
10.198500633239746
10.207582950592041
10.198630094528198
10.199328184127808
10.20033073425293
10.199034214019775
10.203286170959473
10.204814434051514
10.199084997177124
10.205307722091675
10.205543041229248
10.200268268585205
10.090172529220581
10.105672597885132
10.114299774169922
10.115240573883057
10.116559267044067
10.11010479927063
10.118918657302856
10.11916470527649
10.108676671981812
10.119210481643677
10.120203495025635
10.12073278427124
10.111701488494873
10.116863012313843
10.115681886672974
10.113051652908325
10.110369443893433
10.110563516616821
10.11714482307434
10.116981029510498
10.111788034439087
10.11782169342041
10.117089748382568
9.782227993011475
9.775720357894897
9.780079126358032
9.783393144607544
9.78531789779663
9.769512176513672
9.785799503326416
9.786380529403687
9.782559156417847
9.771251201629639
9.787503004074097
9.780537605285645
9.785672903060913
9.793509721755981
9.795714616775513
9.796435594558716
9.797302484512329
9.792441129684448
9.798517227172852
9.799670219421387
9.80038595199585
9.801687717437744
9.801104068756104
9.803501844406128
9.780055046081543
9.777913808822632
9.781872272491455
9.78059983253479
9.782996416091919
9.78365707397461
9.783403873443604
9.782398223876953
9.782607316970825
9.78419041633606
9.781972169876099
9.784344673156738
9.778094053268433
9.789251804351807
9.792608976364136
9.789687395095825
9.795208215713501
9.785939693450928
9.7945237159729
9.797506332397461
9.797232627868652
9.797644853591919
9.800158500671387
9.79939603805542
9.914316654205322
9.914116621017456
9.91395378112793
9.915623664855957
9.91541337966919
9.91630220413208
9.915453672409058
9.916903018951416
9.916091442108154
9.915788650512695
9.91683578491211
9.919021606445312
9.920032978057861
9.921374797821045
9.924428701400757
9.925700902938843
9.927066326141357
9.924708843231201
9.927552938461304
9.93056035041809
9.931516408920288
9.932090282440186
9.93289065361023
9.934984683990479
9.772534370422363
9.772440671920776
9.775302410125732
9.777736902236938
9.773954153060913
9.77575969696045
9.777912378311157
9.778847932815552
9.774498701095581
9.77973985671997
9.776269435882568
9.77536940574646
9.779307842254639
9.784099578857422
9.78305196762085
9.78669548034668
9.787086009979248
9.787438869476318
9.788044691085815
9.789061784744263
9.789165019989014
9.790236234664917
9.79111099243164
9.79209017753601
9.919440746307373
9.888127088546753
9.919807434082031
9.922651529312134
9.91849660873413
9.888223886489868
9.920597553253174
9.920040369033813
9.920135498046875
9.91867733001709
9.921340227127075
9.927138566970825
9.92702865600586
9.929315567016602
9.930389165878296
9.933259010314941
9.900322198867798
9.934510707855225
9.931661605834961
9.93645429611206
9.937536239624023
9.939131498336792
9.941857099533081
9.943188190460205
9.243756771087646
9.247294187545776
9.26179552078247
9.261523723602295
9.264878988265991
9.264228582382202
9.266540765762329
9.252501726150513
9.266292333602905
9.265498876571655
9.267097473144531
9.26674222946167
9.271794080734253
9.253368616104126
9.262266874313354
9.257692575454712
9.257309675216675
9.256437540054321
9.259553909301758
9.257433891296387
9.259804010391235
9.259765863418579
9.259948015213013
9.25800609588623
9.259058713912964
9.199835062026978
9.201271772384644
9.199193954467773
9.210771799087524
9.21136999130249
9.208136796951294
9.212850332260132
9.212876796722412
9.213673114776611
9.210663795471191
9.210099458694458
9.207497119903564
9.215603590011597
9.21312403678894
9.212115287780762
9.21250057220459
9.21092414855957
9.208735942840576
9.208788394927979
9.211777925491333
9.213460206985474
9.208787441253662
9.208329200744629
9.206166505813599
9.208690643310547
9.32368779182434
9.330556869506836
9.333539962768555
9.333661317825317
9.336529016494751
9.335314989089966
9.33902883529663
9.339927673339844
9.33974027633667
9.332520246505737
9.340955972671509
9.339316129684448
9.342747926712036
9.33975100517273
9.340439796447754
9.337283372879028
9.339173793792725
9.339072942733765
9.338586568832397
9.338896751403809
9.343771934509277
9.338229179382324
9.344375371932983
9.34144401550293
9.343880414962769
9.295683860778809
9.295567750930786
9.301853656768799
9.30062747001648
9.306546211242676
9.299942016601562
9.30454707145691
9.30465030670166
9.305115222930908
9.305503129959106
9.306913614273071
9.306124687194824
9.307874202728271
9.30346393585205
9.307085752487183
9.304700374603271
9.307027816772461
9.30636715888977
9.311291456222534
9.31177282333374
9.307182788848877
9.306371212005615
9.301872968673706
9.307562589645386
9.305349588394165
9.282334089279175
9.28059434890747
9.292661428451538
9.289284706115723
9.294811010360718
9.294094800949097
9.284620523452759
9.296441078186035
9.296397924423218
9.298110008239746
9.294430494308472
9.293689250946045
9.291454792022705
9.294922113418579
9.288837194442749
9.292479515075684
9.289944410324097
9.289852619171143
9.292529106140137
9.289937973022461
9.290921449661255
9.296337366104126
9.292059183120728
9.289611339569092
9.29170036315918
8.918920040130615
8.924561738967896
8.919254064559937
8.927561521530151
8.929083108901978
8.922383546829224
8.930437803268433
8.927866697311401
8.933867931365967
8.92492151260376
8.926869630813599
8.93043828010559
8.927510976791382
8.927390575408936
8.934553384780884
8.9344322681427
8.92959713935852
8.920894145965576
8.927272081375122
8.93072772026062
8.928094148635864
8.931929588317871
8.936046838760376
8.931870222091675
8.93160080909729
8.937116622924805
9.494146823883057
9.496814727783203
9.50806713104248
9.509901285171509
9.512768507003784
9.508033514022827
9.513267040252686
9.512536764144897
9.521525621414185
9.509310722351074
9.51523208618164
9.517050743103027
9.514220952987671
9.519169807434082
9.527590274810791
9.515247821807861
9.522087812423706
9.524902820587158
9.531244277954102
9.516438245773315
9.520235776901245
9.515930652618408
9.524585485458374
9.52329421043396
9.528838157653809
9.523260593414307
8.909948587417603
8.905791282653809
8.904704093933105
8.914604663848877
8.91431474685669
8.915156364440918
8.911917924880981
8.909542322158813
8.917329788208008
8.909246444702148
8.907954454421997
8.917922973632812
8.909049272537231
8.917985439300537
8.908256530761719
8.916191577911377
8.908647298812866
8.912771701812744
8.914093255996704
8.909650087356567
8.919098377227783
8.918121099472046
8.916958808898926
8.918994188308716
8.910303115844727
8.91126561164856
8.901056051254272
8.901836633682251
8.907410383224487
8.90732479095459
8.914700984954834
8.912227153778076
8.915948867797852
8.916391134262085
8.911862134933472
8.912827730178833
8.916620254516602
8.913389444351196
8.916761636734009
8.918791055679321
8.914592742919922
8.914533138275146
8.91251540184021
8.912755966186523
8.913864374160767
8.918270349502563
8.91158127784729
8.916773080825806
8.918307065963745
8.919968605041504
8.913963317871094
8.920339822769165
8.917945623397827
8.918757200241089
8.92795181274414
8.919692993164062
8.929146766662598
8.935585975646973
8.935215473175049
8.93167519569397
8.926481008529663
8.932470560073853
8.924524068832397
8.929925680160522
8.925463199615479
8.92607593536377
8.93496322631836
8.927069664001465
8.92942190170288
8.935845851898193
8.923181533813477
8.925325632095337
8.925595998764038
8.926684141159058
8.937502145767212
8.935839414596558
8.930694341659546
8.936362266540527
9.166891098022461
9.174794673919678
9.175901412963867
9.179187536239624
9.175126552581787
9.170869827270508
9.17808198928833
9.180352210998535
9.176622867584229
9.187979936599731
9.182409524917603
9.189834356307983
9.189310550689697
9.190080642700195
9.19308090209961
9.192957401275635
9.195054292678833
9.195442199707031
9.205247640609741
9.19411563873291
9.194880485534668
9.197049856185913
9.201963901519775
9.201562404632568
9.198534965515137
9.204326629638672
9.203858613967896
13.459197044372559
13.470439434051514
13.469300270080566
13.48278522491455
13.48229718208313
13.493204832077026
13.490975618362427
13.50075078010559
13.50566029548645
13.515024662017822
13.51353645324707
13.524325370788574
13.521371126174927
13.531572818756104
13.532892942428589
13.540906429290771
13.54885458946228
13.559167385101318
13.553988218307495
13.564507484436035
13.572126388549805
13.579047441482544
13.58431363105774
13.588939666748047
13.600369930267334
13.597200632095337
13.605846643447876
11.488936424255371
11.49523639678955
11.493472576141357
11.504212856292725
11.502862691879272
11.509143590927124
11.506911039352417
11.500211238861084
11.5253746509552
11.527207612991333
11.507930517196655
11.523802280426025
11.532721757888794
11.533352136611938
11.544230222702026
11.540772914886475
11.542461633682251
11.542227268218994
11.558772563934326
11.558029413223267
11.557235479354858
11.56332540512085
11.548170328140259
11.574808835983276
11.574004173278809
11.585999011993408
11.583943128585815
9.207523345947266
9.207843780517578
9.204256772994995
9.208311796188354
9.20464038848877
9.207563161849976
9.210190773010254
9.208290815353394
9.207278966903687
9.210957288742065
9.211202144622803
9.210863828659058
9.214487552642822
9.220061302185059
9.215325593948364
9.221734523773193
9.220497369766235
9.224766969680786
9.220217227935791
9.222890853881836
9.22694206237793
9.23207688331604
9.226245880126953
9.231244802474976
9.236071825027466
9.237084865570068
9.234232187271118
9.194337368011475
9.203708171844482
9.195683240890503
9.19979453086853
9.205994844436646
9.201911211013794
9.200982570648193
9.202009439468384
9.205050468444824
9.207138776779175
9.203536748886108
9.207255363464355
9.210642576217651
9.21318793296814
9.213925123214722
9.2131667137146
9.216851711273193
9.217663288116455
9.214537620544434
9.220224857330322
9.22227692604065
9.225952863693237
9.228169918060303
9.228135824203491
9.228177785873413
9.22538447380066
9.232028722763062
8.538081645965576
8.543648481369019
8.53980016708374
8.537212610244751
8.537975549697876
8.537601470947266
8.53771424293518
8.541840553283691
8.53915810585022
8.538831233978271
8.53920602798462
8.542213916778564
8.545315027236938
8.54398798942566
8.551132678985596
8.54658842086792
8.54745101928711
8.553794860839844
8.553722381591797
8.554742097854614
8.552396774291992
8.551204442977905
8.55872392654419
8.556917190551758
8.555625200271606
8.55755090713501
8.55682373046875
8.557194232940674
8.538280963897705
8.538580656051636
8.531152248382568
8.533465147018433
8.536622285842896
8.534412860870361
8.539353132247925
8.538417100906372
8.547052383422852
8.53583836555481
8.535436391830444
8.53699278831482
8.537622213363647
8.5385901927948
8.55076551437378
8.540750503540039
8.543489456176758
8.555587768554688
8.556435108184814
8.556721687316895
8.552814483642578
8.55040431022644
8.556375741958618
8.550537586212158
8.551474809646606
8.559881687164307
8.562645673751831
8.553821802139282
8.678720235824585
8.678725957870483
8.679208755493164
8.672889709472656
8.680583477020264
8.677138328552246
8.675036907196045
8.681343078613281
8.683048248291016
8.682804822921753
8.680275917053223
8.680864095687866
8.684152364730835
8.68151569366455
8.68367075920105
8.684284687042236
8.69104290008545
8.6847403049469
8.689521074295044
8.69358491897583
8.69359302520752
8.69676685333252
8.696051836013794
8.694257020950317
8.693325519561768
8.695311784744263
8.696138381958008
8.699817657470703
8.57361102104187
8.57981824874878
8.574755191802979
8.569496870040894
8.569078207015991
8.570338487625122
8.5694420337677
8.571373701095581
8.572587013244629
8.572560787200928
8.580543518066406
8.577330350875854
8.575742483139038
8.580708026885986
8.579113960266113
8.578572273254395
8.578746318817139
8.591320514678955
8.59266972541809
8.59363579750061
8.59520411491394
8.585054159164429
8.588886260986328
8.58865737915039
8.586857795715332
8.599611043930054
8.591243267059326
8.598532915115356
9.389600038528442
9.395080327987671
9.393064975738525
9.394307136535645
9.399301290512085
9.39866304397583
9.40019965171814
9.402482986450195
9.402087926864624
9.406844139099121
9.402644872665405
9.404542207717896
9.410097599029541
9.41091799736023
9.41161847114563
9.413190841674805
9.414494752883911
9.41987681388855
9.418564319610596
9.421912431716919
9.42257571220398
9.428402185440063
9.425551891326904
9.431643962860107
9.428406238555908
9.432766199111938
9.433782577514648
9.434845447540283